330, 769
600, 543
173, 108
469, 468
910, 773
899, 606
98, 828
535, 438
670, 559
173, 831
307, 839
860, 109
131, 140
91, 783
481, 468
602, 594
448, 317
102, 883
622, 724
446, 786
987, 855
581, 254
822, 893
117, 903
980, 411
765, 213
285, 724
23, 184
100, 678
130, 977
509, 373
618, 691
991, 171
277, 442
398, 889
718, 581
869, 569
472, 146
425, 762
440, 300
503, 192
723, 920
263, 322
251, 847
817, 572
321, 802
1, 976
979, 560
861, 843
683, 997
932, 389
867, 884
394, 735
282, 841
28, 262
334, 355
682, 952
625, 947
955, 178
58, 405
38, 573
773, 9
961, 672
363, 799
560, 614
269, 68
850, 612
753, 37
965, 918
361, 655
680, 439
33, 939
287, 294
500, 771
658, 724
442, 869
783, 196
691, 933
74, 728
152, 263
275, 761
406, 514
459, 731
39, 640
355, 909
642, 9
357, 48
539, 684
48, 700
666, 404
780, 657
721, 191
363, 803
986, 754
486, 635
357, 197
152, 813
215, 283
382, 634
782, 895
492, 269
967, 529
295, 379
710, 750
127, 369
667, 756
183, 664
298, 739
695, 935
104, 376
693, 753
17, 384
207, 105
874, 288
179, 449
422, 230
463, 78
118, 685
65, 797
696, 460
71, 451
376, 468
114, 542
891, 447
678, 21
147, 484
831, 560
390, 677
82, 930
519, 242
156, 320
249, 525
696, 299
741, 621
675, 976
988, 460
896, 674
318, 788
62, 35
208, 893
306, 875
422, 919
994, 321
268, 464
414, 21
639, 248
232, 83
355, 221
579, 50
407, 570
30, 814
420, 682
265, 346
415, 490
403, 438
708, 401
405, 610
391, 400
423, 536
579, 673
416, 0
780, 830
656, 147
39, 490
95, 16
519, 463
213, 519
289, 425
615, 506
602, 73
877, 139
32, 256
14, 407
88, 457
872, 343
237, 504
253, 89
576, 689
382, 149
255, 513
354, 162
730, 209
694, 380
349, 376
57, 982
905, 688
219, 101
334, 517
640, 84
102, 36
21, 957
627, 54
642, 154
247, 912
212, 118
327, 150
272, 185
922, 685
96, 920
559, 552
183, 806
739, 353
106, 807
128, 397
602, 546
802, 874
105, 10
726, 497
590, 106
199, 965
341, 910
354, 973
792, 495
551, 680
120, 923
239, 899
26, 325
246, 114
567, 553
721, 932
539, 724
677, 232
627, 623
800, 672
90, 17
503, 820
894, 762
778, 258
347, 752
715, 720
198, 704
26, 764
482, 127
633, 447
149, 860
965, 831
830, 504
265, 690
936, 156
26, 46
808, 114
590, 534
323, 672
117, 472
506, 874
90, 754
324, 16
731, 736
532, 971
917, 182
658, 977
455, 877
353, 530
342, 945
640, 420
792, 224
388, 137
134, 781
818, 350
664, 774
641, 954
331, 196
899, 509
307, 201
553, 475
639, 619
399, 95
324, 627
985, 530
864, 673
34, 360
528, 757
507, 672
856, 892
618, 350
356, 908
481, 324
658, 506
737, 377
658, 102
295, 808
228, 279
335, 509
687, 519
182, 521
142, 428
777, 118
669, 476
160, 877
124, 288
623, 136
135, 535
915, 632
485, 640
310, 978
85, 377
298, 478
182, 937
145, 769
670, 426
261, 228
875, 721
586, 400
791, 6
110, 54
221, 105
162, 298
897, 994
989, 423
286, 697
193, 187
563, 861
247, 548
258, 148
716, 470
510, 963
366, 622
242, 196
750, 91
757, 288
818, 337
189, 551
765, 419
492, 373
373, 433
390, 127
378, 576
673, 520
307, 909
795, 697
697, 436
750, 539
613, 623
25, 84
289, 821
830, 370
397, 973
956, 448
482, 491
602, 284
934, 914
649, 941
63, 834
961, 549
371, 290
836, 816
754, 149
682, 973
699, 447
299, 707
653, 527
338, 843
688, 558
945, 614
988, 708
505, 553
521, 172
704, 315
944, 463
33, 810
197, 872
571, 481
319, 375
921, 332
966, 533
656, 984
390, 576
858, 624
103, 899
981, 760
543, 252
326, 464
705, 606
284, 805
874, 772
149, 12
274, 228
149, 128
268, 532
263, 59
957, 898
459, 508
685, 669
397, 119
468, 870
851, 56
254, 111
825, 140
449, 857
738, 47
797, 653
955, 208
790, 423
456, 500
670, 682
524, 438
157, 579
275, 806
587, 582
767, 743
229, 173
740, 879
572, 622
236, 226
39, 288
260, 472
573, 771
20, 36
413, 11
946, 61
92, 86
834, 809
497, 254
134, 975
94, 198
739, 525
143, 232
485, 461
647, 380
552, 606
635, 549
994, 742
608, 484
448, 188
398, 949
366, 372
893, 811
835, 205
880, 846
464, 387
367, 563
465, 900
632, 122
12, 407
648, 464
242, 769
223, 374
57, 692
972, 569
841, 4
482, 903
381, 629
944, 573
834, 856
60, 563
850, 81
350, 74
40, 184
427, 896
750, 178
943, 618
395, 454
160, 946
716, 333
497, 102
711, 933
127, 371
340, 639
779, 971
202, 260
198, 615
965, 589
462, 794
140, 3
497, 726
751, 637
833, 631
461, 783
600, 838
916, 522
957, 649
112, 305
463, 136
408, 553
813, 45
245, 426
141, 449
402, 68
919, 974
645, 670
784, 748
284, 457
123, 928
948, 710
581, 991
723, 629
241, 875
883, 253
870, 1000
389, 135
768, 773
273, 34
950, 675
515, 420
805, 123
334, 495
221, 726
196, 252
967, 604
786, 69
880, 116
854, 7
215, 642
103, 477
435, 473
249, 512
517, 895
219, 255
302, 189
131, 151
637, 314
500, 96
10, 1000
748, 789
462, 878
555, 503
138, 621
697, 779
266, 678
725, 778
391, 519
104, 708
520, 171
46, 564
695, 962
511, 333
964, 291
641, 223
943, 619
369, 511
498, 233
821, 431
729, 780
914, 239
502, 656
680, 902
226, 604
938, 845
719, 300
382, 780
609, 82
41, 129
201, 659
81, 653
870, 331
297, 317
662, 579
67, 239
638, 749
693, 498
578, 416
879, 182
353, 0
369, 579
416, 867
92, 190
421, 453
852, 32
106, 483
15, 87
575, 342
668, 133
486, 209
197, 743
185, 403
110, 570
853, 741
295, 484
418, 700
396, 119
418, 44
27, 797
183, 231
418, 840
832, 457
197, 705
294, 88
908, 726
432, 677
601, 879
588, 220
914, 965
620, 767
78, 786
272, 518
841, 558
794, 771
258, 398
468, 670
776, 865
702, 551
591, 62
866, 454
326, 929
510, 284
355, 14
496, 188
649, 432
546, 602
457, 311
760, 66
933, 348
803, 94
425, 178
346, 624
976, 223
495, 125
789, 919
628, 734
945, 914
372, 931
58, 898
237, 669
303, 138
615, 438
146, 233
792, 423
120, 407
554, 189
507, 911
347, 945
492, 451
664, 123
585, 744
797, 124
675, 742
691, 617
189, 460
126, 552
195, 106
222, 971
831, 264
109, 959
446, 915
24, 979
588, 389
458, 490
841, 945
602, 107
481, 405
160, 961
723, 571
821, 9
106, 357
562, 370
345, 220
894, 866
661, 156
989, 537
335, 234
330, 350
56, 229
127, 523
157, 227
908, 498
62, 304
996, 444
312, 118
673, 845
402, 579
613, 389
839, 347
825, 875
342, 390
994, 389
163, 698
935, 821
666, 497
89, 71
191, 898
133, 334
550, 494
884, 677
536, 417
44, 329
80, 105
782, 612
541, 403
344, 280
289, 482
910, 991
256, 852
36, 942
175, 33
434, 638
926, 187
212, 218
31, 703
47, 437
897, 184
223, 714
319, 375
144, 972
182, 947
65, 976
17, 641
297, 621
965, 863
610, 329
281, 611
62, 341
636, 944
653, 620
577, 48
22, 579
793, 619
565, 125
408, 159
853, 886
759, 262
919, 173
447, 656
537, 904
865, 902
453, 203
131, 402
374, 651
155, 75
841, 317
410, 913
429, 737
103, 88
80, 775
124, 836
942, 642
325, 782
270, 859
590, 645
824, 763
490, 981
302, 535
964, 811
221, 306
973, 989
921, 321
426, 535
870, 153
234, 30
395, 75
598, 79
375, 979
773, 964
630, 843
184, 67
686, 254
345, 531
95, 198
371, 168
906, 489
386, 487
702, 190
899, 515
996, 495
201, 753
531, 287
134, 670
542, 946
662, 370
726, 391
224, 742
335, 632
45, 47
330, 537
273, 923
953, 240
761, 268
997, 514
304, 796
229, 761
210, 63
480, 851
699, 609
620, 117
706, 218
915, 523
202, 174
909, 919
694, 898
111, 619
210, 446
111, 931
731, 946
321, 316
898, 517
439, 500
310, 937
684, 834
449, 821
883, 250
924, 550
423, 184
539, 407
164, 662
315, 36
797, 18
440, 190
694, 575
654, 443
813, 421
792, 794
417, 46
532, 346
579, 303
338, 570
919, 644
952, 102
128, 882
310, 458
174, 949
468, 986
87, 593
189, 162
365, 522
67, 708
29, 119
406, 664
512, 342
454, 33
718, 451
609, 616
511, 809
776, 12
896, 885
282, 312
19, 785
113, 923
726, 736
114, 384
159, 327
444, 760
868, 622
425, 31
135, 591
392, 128
515, 679
752, 888
339, 521
376, 629
46, 708
216, 224
741, 149
275, 703
1, 776
358, 75
853, 917
209, 970
957, 842
887, 239
365, 735
840, 514
183, 603
141, 950
891, 262
929, 492
850, 997
762, 284
284, 976
91, 802
373, 472
688, 635
718, 370
342, 351
217, 352
325, 213
924, 988
410, 373
480, 618
948, 586
911, 879
683, 281
697, 653
179, 686
278, 774
230, 561
925, 340
315, 407
224, 532
969, 854
951, 243
751, 588
612, 564
445, 736
922, 491
882, 902
938, 766
625, 742
863, 798
496, 19
828, 967
368, 682
677, 825
942, 494
764, 860
121, 952
523, 883
332, 940
952, 780
400, 53
953, 239
146, 0
661, 999
594, 796
7, 72
869, 386
714, 628
22, 782
839, 653
315, 920
603, 737
396, 481
212, 649
227, 40
461, 234
271, 169
290, 289
255, 1
31, 379
627, 743
319, 399
65, 64
613, 841
220, 28
659, 129
392, 743
482, 13
377, 228
75, 761
488, 714
672, 581
664, 450
57, 176
817, 810
381, 783
927, 226
37, 307
95, 129
686, 565
674, 627
281, 226
686, 316
338, 54
246, 502
460, 695
102, 483
269, 907
291, 668
320, 77
17, 384
672, 913
378, 378
445, 824
666, 217
130, 78
796, 826
833, 581
580, 434
368, 230
379, 761
112, 869
551, 869
147, 89
369, 96
887, 638
690, 484
868, 579
963, 144
19, 508
162, 116
107, 406
305, 31
823, 306
243, 379
773, 107
351, 139
880, 375
379, 629
270, 188
867, 896
677, 165
376, 805
518, 534
599, 156
339, 13
872, 292
508, 317
598, 438
401, 312
466, 227
417, 795
454, 670
924, 760
757, 50
537, 424
965, 314
968, 316
568, 900
803, 783
362, 510
239, 646
319, 569
552, 337
505, 970
813, 326
154, 938
395, 23
393, 913
941, 150
809, 812
46, 814
183, 815
727, 278
787, 992
765, 343
119, 650
426, 368
135, 640
259, 439
214, 864
875, 585
251, 774
323, 795
27, 919
667, 806
602, 938
708, 417
862, 570
42, 944
855, 325
304, 31
191, 703
105, 945
504, 363
751, 704
948, 158
28, 167
44, 356
834, 547
412, 667
522, 430
304, 364
890, 339
552, 293
549, 156
674, 934
726, 112
48, 281
231, 169
704, 787
708, 764
295, 955
535, 544
358, 231
517, 103
442, 639
991, 380
576, 846
876, 678
456, 149
138, 608
957, 447
153, 201
327, 27
41, 472
322, 916
414, 35
423, 414
123, 866
562, 585
292, 445
377, 815
466, 710
49, 391
202, 836
873, 487
40, 182
59, 609
663, 360
927, 718
299, 718
193, 153
694, 368
406, 915
705, 621
529, 560
350, 156
883, 300
642, 101
187, 114
186, 200
979, 57
618, 44
259, 222
950, 390
880, 182
362, 745
94, 906
838, 262
963, 990
154, 837
987, 946
298, 184
98, 467
747, 441
908, 299
752, 135
485, 166
555, 844
926, 151
399, 898
200, 914
484, 651
3, 320
718, 108
770, 767
251, 858
199, 120
951, 772
610, 465
3, 978
740, 742
525, 69
499, 318
959, 41
525, 231
579, 417
474, 87
655, 995
393, 614
364, 723
542, 691
983, 386
598, 692
677, 315
159, 539
819, 815
11, 796
72, 571
255, 497
608, 338
325, 313
938, 385
54, 78
501, 268
250, 575
402, 1
771, 749
526, 152
484, 515
160, 562
737, 433
306, 612
829, 611
582, 855
542, 750
493, 642
352, 743
772, 779
264, 913
562, 747
313, 565
846, 923
317, 522
583, 735
465, 877
980, 754
54, 168
403, 613
334, 614
254, 904
198, 10
824, 899
94, 898
30, 789
346, 13
949, 346
646, 924
444, 279
404, 503
402, 231
475, 345
78, 206
743, 324
65, 231
620, 131
825, 727
734, 393
772, 436
295, 489
879, 320
598, 61
659, 630
712, 99
69, 916
314, 759
322, 598
308, 813
11, 566
995, 383
696, 364
516, 159
989, 560
296, 577
343, 821
381, 825
869, 108
844, 510
246, 148
167, 182
67, 707
219, 328
147, 561
697, 322
678, 265
652, 346
931, 882
651, 904
366, 508
176, 869
20, 738
968, 174
911, 487
278, 80
246, 104
863, 801
117, 342
455, 482
709, 684
222, 899
759, 218
384, 8
397, 995
139, 802
182, 787
757, 910
576, 340
43, 59
750, 895
796, 175
330, 339
793, 208
903, 745
404, 734
621, 122
854, 8
115, 969
450, 602
845, 246
157, 762
989, 338
374, 393
215, 970
343, 12
297, 375
190, 53
610, 696
611, 494
368, 269
545, 407
572, 752
229, 674
731, 836
384, 977
13, 690
149, 705
181, 343
92, 392
597, 984
160, 746
212, 746
439, 107
763, 229
459, 941
806, 826
671, 503
912, 162
966, 648
803, 332
641, 21
319, 841
860, 17
842, 193
620, 109
424, 298
24, 505
607, 490
377, 803
622, 242
345, 790
59, 725
556, 835
32, 799
825, 667
816, 418
911, 610
600, 360
233, 483
384, 710
436, 633
697, 665
118, 1000
526, 263
405, 72
235, 912
922, 756
602, 431
707, 785
933, 604
556, 52
656, 965
445, 268
135, 563
329, 891
225, 498
390, 300
491, 576
824, 549
150, 384
54, 599
145, 573
861, 350
221, 7
75, 65
616, 982
843, 930
910, 113
614, 653
696, 499
941, 913
147, 420
173, 627
203, 650
405, 280
362, 823
643, 345
443, 493
911, 558
747, 905
993, 169
452, 237
765, 794
729, 430
458, 448
51, 697
417, 305
871, 114
744, 924
636, 240
666, 278
885, 96
471, 910
267, 412
827, 951
412, 345
309, 539
257, 846
306, 587
420, 277
568, 28
32, 499
432, 556
90, 22
126, 423
281, 385
900, 495
320, 943
338, 258
393, 98
751, 561
283, 200
490, 621
783, 923
400, 40
431, 829
519, 770
120, 76
595, 560
895, 380
937, 384
402, 198
620, 0
934, 982
452, 951
301, 699
972, 686
508, 749
565, 817
307, 83
857, 456
1, 518
568, 461
970, 121
308, 522
176, 641
668, 773
263, 642
279, 954
578, 893
345, 524
142, 991
769, 350
213, 751
485, 355
994, 748
232, 278
571, 642
919, 979
906, 996
68, 819
907, 3
193, 642
198, 870
834, 676
122, 25
27, 744
103, 792
379, 696
65, 325
16, 966
158, 478
740, 141
303, 473
126, 618
152, 100
565, 650
443, 518
378, 143
33, 315
826, 75
834, 586
941, 245
610, 361
559, 105
527, 824
246, 643
646, 118
413, 574
63, 29
401, 459
904, 415
180, 372
175, 666
357, 918
387, 609
706, 551
58, 113
589, 24
801, 83
365, 355
938, 644
164, 275
75, 168
936, 510
733, 432
981, 776
315, 796
180, 389
898, 330
22, 20
995, 112
151, 600
478, 521
198, 482
4, 66
179, 230
668, 267
664, 956
89, 424
94, 570
532, 738
254, 225
762, 210
869, 795
57, 13
517, 321
310, 207
634, 442
615, 211
678, 816
766, 327
174, 26
996, 891
835, 210
315, 610
32, 43
501, 771
198, 947
432, 576
489, 597
685, 514
309, 237
370, 146
295, 151
600, 992
484, 785
862, 482
979, 519
495, 694
355, 701
795, 543
247, 950
26, 757
875, 23
486, 808
306, 695
671, 193
401, 861
799, 371
399, 416
675, 406
154, 925
379, 98
603, 722
369, 832
132, 655
976, 563
356, 295
743, 134
638, 422
953, 726
964, 788
143, 216
740, 741
598, 303
859, 799
172, 268
301, 322
310, 891
545, 133
468, 355
48, 29
317, 729
5, 61
540, 67
263, 869
3, 711
309, 732
568, 285
452, 649
428, 392
31, 717
734, 17
723, 15
900, 708
610, 685
125, 448
205, 567
98, 774
813, 4
710, 950
331, 731
340, 28
711, 987
46, 757
649, 179
786, 685
662, 840
991, 28
861, 144
331, 475
124, 264
345, 288
467, 502
719, 544
537, 359
135, 388
650, 637
701, 461
249, 51
693, 226
601, 575
377, 123
110, 729
81, 828
539, 88
507, 715
926, 479
654, 610
959, 450
781, 216
67, 937
101, 847
866, 929
312, 738
357, 86
111, 343
632, 256
411, 446
801, 235
305, 296
119, 685
966, 206
92, 612
831, 188
305, 227
622, 840
648, 571
113, 661
120, 817
403, 911
962, 70
952, 423
293, 265
313, 336
792, 82
602, 340
500, 964
574, 712
449, 96
27, 241
521, 325
457, 696
680, 596
787, 526
579, 315
433, 633
923, 293
70, 660
99, 167
919, 976
854, 841
84, 62
683, 65
171, 4
187, 812
802, 438
439, 157
131, 6
153, 444
609, 691
25, 703
590, 202
658, 5
699, 647
1, 19
884, 211
517, 692
681, 163
647, 908
803, 446
887, 347
359, 998
532, 467
744, 957
970, 386
579, 699
544, 18
989, 101
888, 115
586, 210
297, 16
323, 436
410, 432
306, 608
910, 698
490, 163
59, 160
602, 935
213, 866
688, 541
411, 108
512, 135
595, 899
470, 953
285, 220
650, 632
762, 374
799, 533
280, 710
870, 514
983, 600
367, 297
163, 345
626, 961
745, 618
937, 529
758, 865
237, 546
535, 159
522, 346
157, 85
381, 681
371, 549
801, 256
260, 561
225, 218
882, 221
95, 966
958, 183
38, 701
850, 20
122, 873
368, 666
118, 246
470, 747
709, 556
402, 957
342, 680
7, 530
69, 760
537, 552
471, 939
681, 966
526, 820
446, 195
678, 395
377, 43
254, 974
791, 377
838, 449
922, 210
313, 920
794, 11
508, 732
532, 854
526, 881
517, 221
623, 606
140, 959
719, 922
69, 979
756, 925
749, 399
786, 944
703, 257
757, 312
492, 847
415, 495
681, 556
247, 644
707, 226
712, 864
29, 403
708, 960
942, 466
691, 448
1000, 937
8, 372
91, 152
638, 885
761, 342
332, 687
248, 436
749, 381
266, 263
985, 497
820, 144
904, 666
719, 533
367, 956
938, 17
452, 815
658, 850
106, 316
825, 591
691, 904
537, 386
225, 193
456, 593
537, 415
226, 744
241, 19
720, 151
882, 764
460, 137
556, 541
894, 616
762, 322
593, 158
810, 897
985, 638
332, 954
447, 614
629, 403
981, 379
907, 658
409, 112
682, 66
362, 479
104, 688
963, 407
234, 81
651, 664
528, 533
270, 882
226, 393
555, 221
115, 699
880, 418
171, 738
969, 818
603, 566
477, 569
886, 647
845, 261
381, 171
54, 286
743, 138
828, 855
962, 192
665, 134
775, 645
786, 129
781, 173
430, 975
359, 528
465, 536
272, 570
464, 365
348, 402
645, 240
480, 689
807, 391
622, 399
92, 167
960, 914
219, 223
833, 584
720, 156
853, 522
524, 65
346, 310
547, 119
581, 87
416, 677
243, 25
112, 825
793, 789
606, 420
709, 176
821, 25
915, 62
138, 799
873, 391
40, 73
43, 400
705, 641
827, 833
276, 126
14, 681
125, 807
223, 585
509, 956
676, 408
822, 873
639, 476
629, 819
838, 549
710, 587
906, 512
503, 434
205, 305
817, 801
993, 916
540, 636
408, 138
252, 375
985, 255
296, 649
993, 315
697, 919
246, 110
455, 504
819, 675
549, 699
231, 124
407, 203
864, 645
27, 799
221, 63
559, 51
39, 49
402, 612
140, 269
150, 163
130, 487
552, 962
412, 186
231, 760
641, 477
90, 951
667, 660
799, 741
395, 618
215, 855
571, 533
291, 321
611, 327
19, 358
394, 874
265, 893
189, 436
897, 586
651, 92
106, 469
550, 607
652, 448
90, 624
791, 666
595, 936
733, 188
614, 208
405, 692
212, 62
790, 636
800, 528
891, 968
670, 211
999, 595
938, 842
38, 799
134, 354
352, 777
480, 930
391, 833
878, 841
888, 694
566, 522
454, 706
440, 358
443, 475
722, 643
929, 136
746, 89
421, 30
736, 61
587, 462
146, 647
183, 137
203, 903
953, 467
781, 253
512, 805
602, 448
7, 471
78, 446
413, 649
667, 475
311, 70
799, 435
444, 577
143, 652
623, 936
256, 243
377, 887
468, 522
574, 826
392, 266
958, 94
330, 216
862, 107
640, 862
142, 513
52, 396
88, 972
81, 557
32, 571
255, 527
888, 782
961, 796
592, 428
71, 351
873, 859
693, 838
506, 223
785, 89
203, 127
405, 67
395, 549
955, 467
901, 439
692, 135
853, 685
542, 891
886, 324
735, 32
849, 779
441, 229
373, 526
556, 154
995, 370
52, 316
344, 145
217, 410
70, 948
673, 63
471, 277
567, 702
869, 675
431, 860
469, 65
87, 926
760, 812
480, 514
684, 460
903, 249
419, 997
926, 461
195, 860
275, 932
299, 967
707, 127
565, 213
378, 879
747, 441
500, 850
434, 230
358, 719
170, 582
716, 173
255, 576
389, 160
602, 148
887, 446
137, 412
860, 981
90, 429
184, 28
506, 246
523, 737
800, 41
348, 493
387, 794
1000, 473
525, 561
737, 851
824, 911
647, 647
707, 352
936, 988
910, 823
890, 663
1000, 383
103, 258
512, 818
849, 178
540, 476
51, 266
220, 50
690, 578
38, 913
317, 355
656, 830
31, 658
780, 480
822, 942
995, 652
207, 520
521, 852
238, 806
723, 489
290, 190
716, 922
912, 472
462, 760
313, 780
575, 484
181, 577
381, 745
194, 707
159, 778
786, 774
794, 941
47, 29
711, 7
489, 682
987, 350
401, 396
561, 974
607, 264
104, 416
176, 201
221, 976
308, 941
412, 395
437, 329
581, 229
646, 45
739, 375
10, 884
268, 584
865, 803
334, 186
838, 961
277, 676
890, 487
503, 438
366, 922
393, 399
390, 922
262, 420
962, 139
573, 567
869, 604
655, 72
10, 629
436, 150
680, 459
696, 694
518, 351
942, 405
459, 549
548, 749
290, 114
250, 859
32, 179
702, 279
130, 987
650, 891
511, 942
555, 82
739, 106
256, 920
928, 47
279, 579
388, 55
713, 604
259, 67
160, 492
162, 243
855, 100
143, 362
293, 39
842, 742
583, 544
51, 907
882, 904
584, 900
787, 430
940, 290
567, 962
865, 722
229, 311
716, 285
760, 624
872, 991
236, 348
991, 21
317, 365
280, 543
578, 580
853, 366
739, 992
22, 251
749, 779
295, 530
153, 74
916, 845
460, 69
344, 33
325, 35
192, 332
941, 407
934, 767
3, 141
345, 490
881, 836
259, 117
185, 451
906, 742
131, 18
220, 686
440, 396
783, 353
399, 785
930, 402
974, 323
259, 730
197, 439
388, 804
695, 305
204, 525
69, 23
20, 85
21, 438
267, 591
173, 825
185, 302
815, 173
293, 391
160, 89
339, 119
813, 286
463, 947
895, 700
268, 33
513, 906
807, 742
616, 839
492, 743
881, 997
371, 978
444, 674
982, 677
201, 657
36, 403
427, 445
941, 399
642, 334
26, 169
230, 522
409, 261
649, 352
532, 34
993, 99
75, 413
165, 434
675, 129
45, 980
349, 673
288, 268
909, 136
319, 144
937, 579
421, 708
219, 256
6, 865
346, 742
775, 653
800, 461
649, 455
53, 20
545, 167
673, 502
155, 854
131, 604
925, 556
207, 999
428, 252
238, 59
117, 655
715, 740
244, 338
26, 249
984, 513
866, 267
272, 208
293, 778
606, 807
877, 152
983, 351
533, 899
606, 170
387, 491
614, 598
812, 44
27, 967
182, 217
835, 742
758, 896
831, 365
542, 624
350, 942
335, 544
125, 780
264, 321
107, 173
535, 769
253, 476
419, 502
539, 327
63, 336
565, 760
486, 344
263, 507
571, 701
329, 849
206, 864
218, 344
656, 425
401, 606
379, 596
903, 814
549, 232
427, 988
168, 382
125, 366
683, 682
742, 239
373, 800
531, 831
246, 275
869, 98
589, 537
674, 231
556, 361
865, 116
198, 173
590, 203
380, 717
171, 666
787, 151
726, 914
609, 828
837, 535
751, 345
452, 167
671, 801
202, 157
452, 138
135, 419
58, 130
24, 628
912, 294
317, 335
297, 311
89, 374
915, 866
906, 858
170, 299
664, 394
351, 177
721, 610
879, 724
365, 547
330, 803
808, 984
790, 392
406, 927
625, 617
532, 176
354, 813
823, 929
521, 728
136, 476
332, 91
73, 453
270, 673
278, 989
46, 926
995, 231
218, 65
443, 697
146, 477
330, 198
924, 31
451, 485
491, 363
672, 95
249, 291
664, 990
876, 400
140, 664
268, 232
558, 753
511, 464
148, 309
119, 558
179, 889
663, 134
324, 234
174, 829
792, 490
850, 644
832, 388
354, 457
945, 271
92, 928
854, 286
464, 737
902, 962
683, 969
112, 84
816, 885
266, 950
738, 393
984, 284
775, 711
124, 835
270, 986
904, 225
161, 487
92, 690
721, 475
427, 594
490, 832
463, 457
708, 198
145, 536
647, 428
931, 777
308, 995
603, 798
371, 835
774, 909
319, 942
717, 403
356, 354
853, 784
319, 347
794, 414
738, 102
325, 828
215, 197
466, 832
524, 660
508, 467
957, 607
946, 928
706, 706
980, 44
846, 837
212, 315
733, 95
3, 22
694, 627
67, 163
984, 289
887, 613
718, 627
644, 12
973, 648
429, 10
358, 262
136, 762
21, 236
364, 354
324, 509
740, 274
587, 107
999, 522
713, 655
718, 842
803, 215
955, 670
42, 300
317, 418
173, 525
746, 294
891, 915
184, 35
149, 960
971, 35
770, 304
727, 618
415, 791
568, 845
939, 163
905, 835
297, 160
643, 767
482, 761
477, 519
144, 521
750, 496
762, 75
723, 14
811, 873
137, 736
752, 959
889, 978
52, 903
419, 197
769, 123
716, 935
817, 122
227, 333
354, 128
308, 30
633, 476
24, 730
467, 1000
306, 667
957, 371
155, 535
269, 260
382, 490
939, 302
238, 318
902, 746
145, 339
631, 32
117, 382
889, 373
471, 148
477, 514
113, 805
2, 974
264, 369
113, 684
249, 483
332, 985
920, 631
295, 707
724, 429
30, 667
141, 897
80, 108
919, 676
908, 720
99, 246
730, 564
644, 11
848, 493
923, 70
575, 576
704, 681
425, 767
997, 509
828, 475
47, 210
515, 130
953, 952
935, 739
567, 168
628, 624
690, 814
62, 857
496, 227
517, 567
364, 207
696, 425
305, 73
550, 207
754, 45
59, 876
14, 687
259, 984
872, 85
91, 876
963, 359
942, 6
528, 681
329, 279
358, 760
697, 777
509, 204
811, 358
292, 944
280, 1
542, 151
927, 860
988, 804
223, 888
891, 171
643, 468
829, 397
205, 630
348, 810
785, 726
884, 584
930, 513
430, 546
805, 306
263, 663
596, 904
383, 455
112, 609
653, 677
977, 446
83, 589
845, 780
977, 828
531, 192
265, 544
946, 287
731, 307
214, 444
294, 214
663, 777
217, 252
232, 169
948, 201
618, 262
593, 336
799, 932
969, 304
808, 274
62, 257
714, 348
909, 106
976, 509
435, 486
103, 47
877, 717
722, 659
611, 574
17, 163
556, 476
925, 529
402, 81
889, 543
685, 935
711, 279
728, 57
941, 712
122, 616
892, 282
375, 827
670, 923
828, 639
325, 817
799, 639
743, 174
22, 80
299, 67
640, 270
117, 321
207, 347
137, 633
398, 427
962, 766
116, 868
833, 685
824, 56
506, 750
330, 661
597, 253
936, 164
387, 280
852, 402
787, 440
70, 525
300, 621
796, 943
517, 788
456, 0
883, 369
52, 279
304, 640
66, 717
999, 192
576, 222
523, 711
127, 747
865, 568
696, 227
265, 331
824, 155
407, 909
624, 335
76, 319
987, 979
259, 202
336, 514
511, 241
627, 522
90, 637
370, 983
308, 306
868, 818
320, 154
120, 524
320, 853
648, 309
472, 171
660, 418
951, 384
827, 158
552, 534
69, 454
316, 429
302, 731
327, 157
714, 228
689, 263
3, 864
77, 811
308, 336
173, 944
65, 812
579, 825
295, 227
751, 172
882, 842
456, 365
408, 394
506, 893
717, 901
232, 822
815, 869
440, 413
234, 233
577, 783
19, 491
808, 807
199, 556
585, 361
222, 568
388, 676
714, 125
56, 451
654, 729
418, 422
725, 379
309, 512
189, 605
880, 785
542, 961
546, 962
187, 940
830, 85
637, 340
562, 44
177, 502
247, 589
644, 212
927, 732
442, 547
298, 484
859, 77
111, 467
301, 348
514, 531
368, 509
509, 842
683, 219
499, 365
147, 924
894, 422
269, 601
138, 47
350, 162
98, 778
58, 86
489, 226
717, 704
986, 530
683, 859
318, 465
441, 984
402, 483
945, 384
95, 282
792, 691
80, 699
95, 205
619, 998
23, 949
741, 361
558, 487
579, 576
840, 202
496, 732
976, 31
757, 380
388, 973
600, 341
542, 272
407, 702
218, 354
390, 783
772, 381
498, 190
851, 100
659, 415
381, 660
999, 180
554, 25
670, 817
541, 970
29, 67
673, 700
931, 911
399, 694
869, 780
35, 971
155, 288
651, 833
973, 21
603, 35
507, 423
618, 285
715, 472
7, 634
278, 602
582, 705
905, 358
877, 974
508, 554
305, 505
260, 5
585, 953
496, 854
38, 920
370, 345
704, 246
649, 131
178, 181
120, 799
698, 295
770, 938
362, 887
400, 218
548, 819
700, 644
981, 198
554, 882
590, 380
795, 236
922, 370
684, 578
496, 67
546, 464
269, 851
718, 866
866, 129
535, 894
529, 979
150, 327
655, 970
322, 189
849, 143
176, 940
257, 927
629, 333
420, 543
982, 407
612, 258
118, 435
751, 5
485, 645
839, 401
847, 913
901, 534
88, 114
811, 746
616, 443
397, 169
402, 186
748, 644
716, 548
765, 253
571, 847
734, 144
479, 779
844, 231
956, 182
217, 342
300, 410
914, 434
646, 899
440, 629
108, 619
80, 549
680, 249
266, 407
409, 581
593, 602
222, 434
444, 935
250, 406
897, 934
540, 653
596, 481
872, 992
544, 230
661, 917
546, 254
490, 848
164, 978
61, 14
676, 499
336, 118
588, 970
630, 743
341, 963
917, 997
671, 573
584, 619
288, 588
257, 891
784, 95
107, 898
818, 988
367, 126
704, 750
384, 828
142, 388
957, 561
295, 590
551, 8
10, 608
34, 217
785, 593
858, 642
307, 768
260, 794
152, 804
700, 288
124, 197
424, 974
745, 605
583, 335
555, 181
490, 774
931, 570
117, 233
393, 255
91, 242
367, 473
267, 336
336, 957
176, 869
100, 899
934, 533
149, 129
804, 210
680, 500
646, 423
548, 107
295, 327
972, 574
465, 897
85, 822
45, 17
990, 151
638, 730
857, 937
158, 573
758, 13
944, 237
224, 714
909, 485
916, 972
652, 915
917, 785
594, 164
841, 420
542, 894
164, 880
229, 646
146, 287
613, 188
845, 926
821, 525
321, 550
995, 905
867, 395
523, 9
823, 873
575, 287
837, 135
645, 503
364, 471
598, 301
855, 271
296, 607
324, 302
105, 311
453, 315
875, 881
845, 274
303, 762
609, 127
263, 967
575, 805
937, 493
182, 4
979, 727
520, 10
408, 508
562, 906
83, 941
917, 683
498, 577
92, 536
532, 835
923, 461
511, 790
34, 491
402, 830
691, 601
145, 8
559, 409
425, 124
401, 850
975, 555
302, 942
241, 651
156, 195
85, 245
486, 953
344, 242
407, 824
149, 514
676, 14
461, 803
504, 358
767, 619
744, 133
917, 593
987, 697
953, 829
738, 99
770, 241
319, 815
10, 763
350, 40
645, 741
889, 434
587, 915
465, 424
697, 340
29, 842
176, 125
747, 101
813, 586
751, 854
172, 840
229, 140
125, 230
763, 532
733, 849
984, 630
679, 162
894, 990
438, 352
43, 656
435, 510
846, 42
612, 937
817, 120
890, 828
586, 637
642, 451
811, 321
693, 569
382, 224
790, 703
475, 465
48, 486
796, 605
110, 631
238, 754
398, 792
897, 197
490, 947
556, 582
635, 633
258, 955
75, 966
145, 404
393, 203
801, 681
655, 398
302, 346
375, 179
101, 90
726, 128
602, 327
694, 926
228, 160
334, 990
687, 854
291, 240
16, 976
124, 459
428, 850
601, 944
672, 81
203, 199
531, 814
914, 70
208, 355
88, 415
312, 840
812, 14
244, 380
230, 903
488, 709
335, 785
395, 187
446, 312
631, 880
174, 320
285, 540
51, 54
449, 840
747, 464
826, 91
407, 747
523, 172
660, 467
277, 230
156, 875
827, 150
563, 929
683, 824
246, 857
337, 288
592, 669
760, 371
102, 74
954, 980
362, 859
126, 457
760, 766
301, 723
619, 555
783, 936
197, 764
848, 931
579, 0
448, 32
437, 870
205, 656
817, 441
848, 557
599, 185
899, 957
101, 983
685, 63
410, 817
572, 10
812, 465
981, 927
334, 393
868, 860
383, 501
877, 896
548, 100
757, 126
761, 819
489, 242
4, 124
787, 609
470, 689
866, 128
221, 328
987, 696
472, 676
292, 414
905, 418
401, 514
528, 680
117, 31
567, 403
923, 646
42, 127
772, 870
452, 689
59, 665
504, 512
366, 987
165, 711
887, 156
31, 86
831, 191
187, 293
526, 955
55, 178
890, 416
17, 240
121, 552
649, 436
336, 123
868, 891
904, 964
98, 689
299, 847
711, 881
941, 254
227, 852
891, 212
872, 445
609, 54
83, 198
225, 287
462, 724
654, 753
188, 687
498, 599
716, 434
569, 506
702, 143
316, 55
735, 160
205, 577
59, 71
302, 70
545, 166
588, 974
755, 798
430, 136
633, 357
274, 516
810, 649
444, 912
120, 685
436, 191
803, 505
92, 166
516, 750
168, 358
931, 415
431, 117
232, 209
76, 625
204, 810
277, 189
686, 573
712, 111
336, 370
503, 374
165, 185
855, 71
879, 916
367, 614
620, 196
815, 169
841, 686
880, 753
23, 597
888, 401
583, 852
646, 743
907, 923
634, 639
461, 451
208, 220
321, 822
501, 902
683, 516
100, 55
83, 227
742, 359
465, 855
451, 65
362, 827
420, 936
206, 55
681, 21
619, 470
399, 36
17, 139
534, 777
668, 759
73, 412
967, 736
99, 414
583, 748
187, 517
367, 362
447, 656
236, 175
87, 345
133, 630
857, 89
418, 771
893, 660
551, 752
949, 471
525, 949
684, 372
84, 102
179, 61
703, 423
984, 690
212, 437
590, 755
327, 923
851, 720
594, 655
150, 294
57, 568
94, 455
631, 624
332, 20
10, 405
638, 602
167, 287
797, 778
943, 5
573, 723
205, 371
888, 609
201, 917
114, 984
963, 105
622, 273
981, 552
79, 468
994, 358
667, 355
896, 361
775, 985
246, 922
860, 400
392, 187
182, 159
938, 960
758, 986
204, 26
195, 557
527, 871
512, 37
43, 867
754, 858
114, 726
368, 388
137, 398
772, 697
731, 563
361, 556
27, 439
561, 245
117, 960
722, 213
684, 687
849, 672
237, 347
491, 773
943, 372
736, 718
793, 877
62, 982
135, 49
371, 220
245, 463
966, 369
114, 207
654, 759
596, 720
985, 405
640, 17
42, 252
511, 716
879, 648
723, 954
515, 886
210, 501
479, 267
239, 198
28, 468
320, 710
422, 7
55, 341
158, 530
187, 553
155, 794
182, 196
277, 217
782, 335
110, 265
847, 817
178, 833
129, 294
27, 88
558, 773
605, 374
504, 135
896, 437
665, 639
517, 100
333, 329
767, 895
432, 22
872, 551
263, 370
70, 298
528, 744
672, 564
153, 232
741, 556
91, 675
609, 397
569, 904
309, 819
993, 448
108, 339
17, 717
442, 862
155, 688
332, 958
988, 229
289, 330
24, 778
926, 678
632, 511
544, 888
617, 719
149, 525
63, 326
64, 749
942, 481
345, 545
824, 957
603, 264
883, 995
271, 114
124, 970
193, 142
742, 351
319, 720
143, 122
339, 120
948, 246
705, 659
777, 933
759, 139
722, 885
713, 753
377, 372
414, 414
869, 599
308, 304
883, 810
138, 665
976, 608
436, 768
594, 722
897, 792
460, 620
479, 379
610, 736
465, 996
947, 692
104, 11
860, 708
595, 343
753, 466
338, 758
527, 798
98, 744
354, 620
244, 102
75, 513
657, 105
885, 24
787, 61
463, 573
57, 711
346, 303
406, 501
27, 454
872, 866
824, 848
539, 109
994, 334
901, 819
584, 479
183, 90
841, 890
216, 686
943, 659
311, 61
334, 108
763, 299
359, 51
427, 82
384, 611
144, 685
992, 8
816, 610
945, 352
280, 151
654, 999
704, 911
471, 738
75, 570
362, 299
186, 76
2, 403
394, 290
322, 718
587, 262
125, 341
519, 91
14, 130
483, 192
754, 207
158, 612
349, 50
96, 591
343, 349
30, 612
574, 129
919, 860
130, 77
603, 452
340, 487
573, 598
307, 976
480, 754
567, 413
442, 473
775, 39
664, 199
178, 974
243, 132
672, 976
478, 767
746, 317
120, 954
711, 152
196, 779
520, 202
864, 760
980, 415
261, 792
131, 894
955, 931
754, 982
239, 479
449, 977
980, 655
469, 552
541, 469
323, 855
47, 355
135, 725
492, 727
245, 414
211, 448
846, 776
60, 583
851, 903
271, 875
800, 92
62, 595
443, 297
742, 530
713, 501
262, 507
217, 146
211, 844
872, 116
391, 758
774, 619
707, 157
49, 998
317, 791
508, 941
322, 37
359, 80
892, 764
296, 899
785, 920
733, 120
426, 367
748, 487
562, 226
776, 902
417, 972
489, 378
180, 778
768, 850
89, 773
680, 65
795, 402
824, 632
198, 694
548, 44
111, 663
80, 478
612, 547
165, 738
768, 701
587, 657
307, 237
212, 905
324, 835
559, 945
901, 105
96, 188
993, 418
718, 593
947, 423
870, 591
587, 521
82, 865
417, 817
153, 903
578, 947
132, 66
277, 277
820, 549
472, 478
923, 619
563, 876
754, 3
785, 486
787, 673
756, 780
973, 576
632, 128
677, 630
65, 525
892, 39
569, 176
114, 122
585, 302
876, 161
802, 339
461, 731
521, 45
279, 128
835, 297
787, 735
718, 222
462, 470
479, 374
46, 336
912, 226
697, 258
859, 561
297, 727
691, 441
846, 307
886, 137
278, 50
840, 554
994, 624
177, 418
597, 203
48, 193
868, 628
497, 275
393, 611
221, 252
143, 947
229, 258
497, 643
342, 1000
107, 198
573, 905
780, 893
563, 330
737, 131
657, 22
944, 492
301, 969
716, 211
42, 39
122, 304
238, 259
617, 784
680, 356
935, 796
873, 614
133, 204
679, 170
373, 648
69, 467
992, 640
641, 590
376, 625
12, 3
372, 839
840, 961
207, 340
331, 202
779, 14
661, 925
617, 135
385, 924
411, 441
69, 762
426, 317
527, 130
974, 542
420, 371
919, 472
491, 27
820, 528
464, 790
44, 225
818, 91
575, 418
837, 305
126, 979
798, 200
993, 54
234, 18
569, 391
48, 88
849, 882
78, 877
999, 698
977, 562
106, 271
182, 485
194, 325
496, 646
865, 700
934, 329
6, 476
520, 403
222, 469
96, 585
58, 770
222, 457
293, 389
399, 784
879, 291
395, 334
921, 918
986, 914
34, 332
347, 808
270, 316
540, 993
977, 166
575, 521
635, 588
208, 490
493, 753
717, 468
261, 61
782, 489
331, 788
527, 244
848, 885
600, 856
763, 451
739, 529
850, 293
403, 881
13, 394
563, 226
473, 20
448, 630
629, 741
651, 153
575, 965
459, 966
158, 303
757, 113
245, 883
420, 389
436, 586
197, 177
169, 1
612, 81
840, 730
605, 963
794, 652
227, 915
388, 76
48, 672
728, 616
44, 587
535, 324
162, 407
713, 913
803, 225
870, 79
942, 810
363, 975
223, 125
756, 250
388, 254
666, 171
16, 9
776, 854
664, 810
980, 799
592, 229
371, 411
779, 69
827, 579
251, 620
500, 502
233, 499
436, 400
186, 291
723, 951
478, 122
69, 255
921, 70
739, 40
158, 524
392, 729
63, 483
290, 521
507, 806
119, 122
389, 696
319, 441
284, 472
975, 334
58, 55
773, 563
164, 80
282, 96
34, 308
820, 94
493, 30
399, 371
689, 611
102, 117
876, 399
217, 854
590, 582
795, 590
271, 846
350, 235
813, 437
880, 893
183, 600
784, 488
871, 582
421, 39
375, 935
26, 235
676, 587
302, 510
252, 416
525, 713
779, 732
415, 953
41, 788
212, 211
67, 267
586, 109
120, 508
140, 338
623, 514
693, 930
501, 659
456, 528
20, 392
967, 965
245, 83
491, 105
977, 313
112, 464
911, 890
149, 940
52, 763
887, 622
44, 66
605, 476
646, 401
858, 196
393, 136
484, 778
788, 91
552, 845
127, 733
223, 80
889, 4
720, 159
3, 914
812, 732
362, 78
809, 190
50, 586
568, 347
238, 108
247, 555
81, 888
682, 828
888, 663
481, 29
843, 868
857, 403
19, 882
476, 51
484, 359
514, 524
749, 167
643, 3
328, 285
754, 609
620, 77
100, 981
510, 705
994, 166
602, 563
443, 812
420, 339
644, 742
955, 616
58, 714
799, 256
465, 143
130, 979
184, 774
54, 94
692, 865
203, 911
577, 550
79, 970
933, 291
801, 517
857, 8
299, 270
55, 306
859, 303
596, 549
708, 371
892, 396
834, 334
115, 277
630, 509
0, 397
246, 636
403, 290
509, 836
38, 326
162, 352
295, 19
893, 305
131, 595
989, 43
592, 690
968, 645
824, 449
864, 526
515, 2
358, 849
173, 549
623, 6
785, 168
615, 606
231, 748
194, 628
199, 422
337, 326
326, 902
35, 569
388, 796
501, 575
639, 532
800, 116
220, 742
822, 64
88, 545
360, 961
819, 110
617, 703
167, 378
451, 778
919, 77
392, 971
256, 587
649, 902
9, 67
97, 448
869, 732
721, 244
861, 480
909, 155
742, 226
86, 688
669, 867
48, 879
85, 998
579, 419
148, 405
921, 963
823, 816
658, 617
724, 461
585, 788
591, 618
660, 535
897, 503
753, 859
881, 458
573, 739
456, 128
930, 33
907, 411
57, 476
829, 975
580, 509
274, 185
8, 590
423, 435
107, 500
250, 991
53, 664
93, 290
671, 717
176, 325
304, 855
742, 585
919, 832
712, 502
865, 374
13, 845
702, 480
613, 176
45, 380
645, 123
169, 405
564, 489
812, 827
902, 531
672, 144
103, 889
868, 461
338, 138
784, 899
765, 601
756, 393
975, 718
895, 796
313, 422
941, 447
963, 894
89, 38
74, 912
729, 926
730, 535
733, 859
546, 227
965, 59
181, 942
646, 787
938, 475
839, 884
412, 35
2, 468
508, 982
501, 559
277, 622
747, 350
64, 998
351, 309
252, 739
243, 177
947, 32
866, 835
565, 904
434, 254
609, 475
29, 344
752, 190
505, 681
95, 679
171, 251
272, 10
469, 884
810, 217
737, 756
741, 165
298, 272
775, 743
868, 83
377, 293
360, 2
633, 611
516, 958
16, 384
615, 840
476, 519
231, 153
115, 276
521, 346
18, 904
579, 134
993, 859
994, 615
840, 865
564, 797
412, 350
839, 635
185, 9
479, 760
932, 159
807, 965
888, 667
869, 874
821, 49
511, 854
486, 204
828, 797
158, 584
890, 355
468, 594
194, 210
798, 172
943, 546
633, 611
762, 8
285, 665
598, 408
57, 339
697, 148
142, 419
70, 324
942, 31
985, 514
840, 780
48, 352
492, 241
481, 696
435, 69
353, 961
183, 102
688, 62
5, 555
628, 102
824, 224
922, 343
989, 925
546, 932
543, 448
772, 952
434, 791
1000, 443
438, 950
172, 955
410, 785
416, 288
425, 423
359, 722
752, 41
154, 401
846, 806
810, 658
529, 867
523, 581
281, 850
162, 521
751, 572
877, 646
706, 745
921, 304
932, 47
603, 587
558, 56
103, 351
177, 501
161, 978
535, 578
3, 597
308, 816
844, 814
446, 678
157, 55
767, 985
104, 469
833, 570
174, 799
84, 118
751, 310
752, 71
42, 546
720, 797
843, 537
462, 110
37, 633
614, 0
653, 16
364, 460
313, 988
520, 0
741, 877
261, 937
397, 817
554, 82
116, 667
423, 555
117, 569
183, 985
353, 635
483, 231
135, 236
37, 145
325, 520
750, 246
335, 651
929, 113
945, 548
464, 137
295, 249
276, 55
485, 853
159, 868
516, 392
648, 939
16, 466
954, 430
733, 732
861, 176
208, 821
173, 482
956, 869
360, 302
239, 678
987, 222
622, 935
846, 614
447, 971
930, 8
68, 180
101, 163
536, 424
942, 413
131, 710
999, 673
553, 838
613, 142
769, 107
707, 675
676, 241
885, 612
200, 490
756, 97
3, 172
757, 338
748, 784
220, 398
274, 422
800, 143
644, 659
99, 901
872, 504
802, 847
805, 916
245, 203
286, 689
342, 856
540, 724
602, 4
788, 670
995, 595
797, 570
409, 418
398, 703
683, 448
11, 180
572, 507
990, 963
508, 282
734, 447
258, 13
757, 999
481, 353
831, 899
468, 706
768, 885
866, 182
865, 392
287, 627
705, 754
502, 52
954, 389
536, 514
738, 155
480, 533
500, 210
575, 545
370, 271
419, 567
204, 404
392, 12
927, 831
667, 902
561, 55
3, 249
219, 546
611, 645
35, 721
340, 302
675, 206
823, 941
600, 96
455, 387
878, 54
265, 188
947, 544
954, 172
4, 479
237, 261
935, 539
736, 401
375, 268
522, 733
515, 754
861, 793
342, 395
578, 475
168, 357
685, 409
516, 281
692, 752
1, 697
939, 681
94, 62
854, 49
552, 803
637, 517
715, 473
375, 936
87, 74
227, 277
232, 844
321, 394
822, 731
954, 761
801, 290
29, 978
962, 655
82, 868
869, 749
726, 954
352, 983
268, 385
570, 771
64, 268
616, 190
135, 30
609, 138
228, 191
536, 820
903, 638
672, 162
365, 765
782, 703
565, 330
549, 349
371, 741
178, 711
955, 328
564, 655
79, 397
264, 35
485, 643
472, 896
438, 672
40, 769
983, 164
810, 663
489, 170
992, 397
149, 349
710, 131
720, 659
661, 140
685, 156
152, 224
872, 100
940, 685
490, 329
281, 830
708, 373
65, 416
393, 935
452, 966
572, 600
503, 680
221, 494
991, 91
50, 940
656, 515
636, 513
22, 705
88, 467
25, 982
27, 991
812, 754
778, 291
708, 422
6, 210
213, 826
915, 448
581, 952
270, 5
497, 899
888, 726
66, 756
752, 288
734, 160
578, 807
908, 736
677, 567
847, 122
458, 622
887, 773
153, 669
926, 27
444, 738
450, 88
895, 647
288, 713
784, 560
444, 586
883, 81
373, 181
883, 599
426, 564
328, 706
452, 860
190, 614
357, 812
350, 443
117, 170
473, 934
13, 146
734, 32
945, 21
292, 635
131, 929
635, 223
1000, 81
17, 227
687, 845
510, 148
168, 739
803, 214
165, 973
961, 638
65, 514
297, 939
109, 645
29, 921
966, 578
464, 767
217, 681
352, 116
978, 392
430, 28
387, 532
544, 79
526, 951
678, 424
115, 407
457, 989
56, 551
16, 894
313, 886
651, 741
752, 568
947, 661
639, 176
19, 335
210, 971
215, 153
211, 470
853, 708
450, 905
656, 543
520, 696
531, 245
542, 932
778, 171
549, 962
829, 33
599, 565
574, 161
411, 34
457, 719
801, 474
76, 317
66, 196
223, 828
988, 520
662, 637
365, 562
656, 629
224, 270
977, 957
831, 751
568, 581
577, 224
697, 584
450, 398
889, 343
540, 123
719, 631
242, 128
335, 209
651, 992
806, 62
756, 517
255, 216
975, 139
18, 77
658, 873
343, 319
493, 427
630, 70
570, 874
676, 502
426, 585
914, 778
915, 340
874, 926
776, 989
780, 557
992, 901
967, 174
190, 184
243, 83
195, 118
673, 305
848, 58
918, 316
399, 293
96, 686
946, 144
906, 229
184, 428
136, 415
509, 674
229, 39
434, 814
118, 638
487, 441
657, 292
635, 581
262, 280
247, 732
528, 992
396, 839
79, 804
876, 867
427, 734
630, 472
966, 904
909, 200
597, 648
232, 534
961, 735
670, 953
382, 96
167, 460
100, 738
851, 313
101, 403
39, 130
556, 377
488, 96
627, 442
350, 88
361, 552
988, 722
149, 70
614, 655
749, 602
168, 377
260, 723
894, 309
901, 843
151, 816
908, 57
402, 675
331, 818
955, 745
754, 916
455, 526
57, 311
319, 726
283, 562
247, 688
312, 858
917, 864
147, 637
729, 119
753, 537
462, 837
252, 232
40, 602
547, 327
789, 959
393, 680
64, 757
561, 21
367, 432
205, 993
182, 687
265, 234
357, 878
964, 137
7, 341
342, 831
767, 318
742, 403
702, 167
829, 740
873, 276
405, 678
341, 360
707, 542
504, 842
968, 886
668, 796
409, 661
44, 668
855, 735
525, 733
6, 762
593, 350
342, 791
568, 749
607, 982
561, 945
16, 82
697, 218
881, 543
720, 5
170, 117
844, 500
801, 361
661, 362
104, 568
993, 978
75, 114
344, 175
698, 492
244, 571
156, 165
47, 478
825, 946
13, 783
718, 360
214, 325
876, 145
353, 748
946, 276
354, 473
791, 305
719, 292
912, 12
268, 663
481, 944
929, 979
823, 79
380, 502
177, 19
21, 935
331, 807
347, 945
363, 705
71, 517
651, 844
25, 755
0, 381
529, 169
932, 354
936, 727
162, 802
609, 579
577, 972
451, 112
996, 573
725, 451
878, 910
353, 772
770, 994
455, 340
46, 900
301, 481
262, 543
749, 567
768, 610
523, 609
910, 441
24, 498
796, 262
833, 176
75, 369
764, 421
712, 415
577, 794
347, 14
526, 5
288, 924
759, 661
104, 822
708, 638
695, 619
716, 139
961, 747
346, 354
201, 255
486, 405
667, 441
718, 15
442, 959
70, 881
617, 641
923, 581
663, 308
153, 759
872, 59
306, 947
590, 176
149, 335
687, 892
900, 376
0, 850
964, 436
287, 840
132, 490
952, 337
657, 193
46, 39
782, 160
434, 307
913, 461
926, 57
125, 869
396, 287
147, 316
435, 46
354, 253
849, 515
59, 161
678, 441
21, 964
912, 186
747, 459
193, 62
29, 705
997, 353
565, 592
610, 669
92, 568
839, 123
477, 436
873, 670
670, 732
377, 242
549, 369
126, 146
621, 570
223, 905
883, 159
101, 727
793, 681
856, 170
64, 652
723, 778
70, 702
531, 947
583, 217
615, 446
784, 108
326, 509
930, 952
438, 107
709, 324
611, 386
582, 249
559, 156
344, 986
971, 287
911, 93
820, 498
701, 385
880, 901
562, 804
465, 154
873, 102
525, 51
181, 493
397, 208
729, 713
772, 33
707, 901
614, 45
849, 429
657, 162
196, 801
188, 498
663, 714
578, 512
323, 91
575, 491
677, 875
817, 608
746, 235
876, 28
243, 704
186, 387
289, 607
217, 41
357, 702
317, 976
173, 823
276, 333
137, 449
482, 50
327, 835
844, 197
45, 965
42, 989
358, 968
906, 580
666, 260
634, 718
386, 227
721, 382
20, 206
467, 724
423, 860
74, 717
369, 848
669, 481
221, 472
186, 929
637, 770
96, 753
492, 399
809, 19
329, 700
618, 548
257, 958
741, 1000
849, 1000
322, 161
669, 618
318, 144
124, 182
229, 81
412, 583
722, 133
990, 659
692, 660
453, 106
570, 982
484, 289
62, 331
203, 142
211, 196
443, 306
438, 79
362, 406
443, 339
811, 88
552, 400
978, 810
199, 531
419, 407
470, 319
142, 903
714, 350
667, 672
78, 514
126, 1000
726, 15
713, 253
44, 694
281, 369
272, 514
264, 472
963, 306
46, 56
689, 305
158, 847
869, 331
199, 67
93, 206
124, 565
218, 507
794, 152
515, 480
242, 337
319, 55
952, 616
588, 235
183, 425
271, 781
376, 267
421, 530
196, 886
832, 572
104, 337
928, 635
314, 355
537, 804
197, 580
876, 183
931, 588
137, 45
324, 639
302, 835
450, 452
301, 845
776, 709
619, 592
268, 922
341, 300
47, 492
693, 763
792, 772
732, 552
198, 633
510, 562
81, 432
205, 729
311, 611
480, 449
38, 915
673, 145
957, 533
435, 100
160, 724
908, 13
992, 178
420, 465
682, 28
904, 749
153, 722
67, 387
437, 106
557, 956
187, 153
132, 212
98, 647
214, 272
588, 200
371, 707
767, 129
774, 324
12, 112
356, 709
914, 502
699, 775
69, 542
775, 42
313, 701
36, 10
42, 678
386, 73
462, 498
702, 481
50, 904
132, 941
126, 395
19, 980
279, 382
274, 638
960, 13
341, 392
131, 38
158, 586
872, 492
918, 659
845, 902
550, 32
213, 190
189, 683
921, 686
949, 70
27, 784
384, 729
996, 940
750, 788
817, 442
156, 342
405, 661
791, 844
245, 834
751, 74
435, 472
828, 784
652, 448
845, 423
425, 91
246, 192
851, 561
587, 182
380, 490
51, 669
792, 969
456, 647
98, 174
172, 903
15, 974
597, 558
682, 365
392, 245
965, 761
699, 97
718, 301
733, 897
227, 147
6, 361
807, 574
906, 341
162, 824
263, 298
754, 783
689, 927
516, 405
300, 230
672, 74
625, 188
437, 374
561, 235
32, 82
90, 894
677, 708
944, 654
623, 216
52, 685
394, 549
759, 505
998, 290
595, 675
529, 738
206, 253
684, 746
526, 578
543, 197
0, 925
259, 599
594, 398
840, 395
907, 837
171, 80
748, 239
937, 375
182, 228
795, 461
320, 683
802, 138
106, 162
566, 185
415, 60
539, 593
918, 373
693, 0
936, 826
74, 2
143, 79
575, 303
692, 116
124, 942
385, 637
943, 65
856, 260
731, 271
465, 473
678, 440
267, 383
510, 743
127, 47
989, 940
590, 770
315, 256
912, 764
821, 972
653, 936
950, 419
38, 401
980, 966
332, 300
349, 1
603, 110
294, 672
215, 414
133, 976
416, 486
853, 465
235, 337
528, 88
701, 268
846, 811
510, 186
79, 59
726, 955
726, 54
497, 214
4, 477
92, 87
29, 289
571, 737
620, 233
69, 96
735, 251
566, 610
846, 995
268, 302
439, 143
740, 278
62, 141
3, 183
32, 379
826, 142
679, 903
321, 456
609, 621
277, 955
804, 129
210, 80
35, 39
578, 665
91, 172
799, 102
34, 673
919, 990
63, 315
877, 897
255, 815
188, 935
542, 730
31, 94
312, 867
821, 451
366, 341
369, 427
955, 768
970, 865
277, 539
638, 233
253, 714
578, 849
461, 482
46, 334
402, 310
744, 350
107, 825
709, 689
189, 414
794, 719
501, 743
370, 587
350, 476
597, 931
585, 938
182, 313
555, 544
351, 836
814, 298
494, 696
70, 306
501, 209
371, 71
698, 973
437, 873
840, 841
917, 922
73, 847
436, 256
784, 52
495, 509
998, 413
591, 839
114, 232
38, 193
273, 176
536, 777
445, 79
839, 627
310, 418
763, 823
600, 484
703, 560
277, 897
424, 345
497, 470
767, 64
600, 703
603, 579
554, 574
872, 581
355, 545
336, 341
885, 951
730, 686
768, 390
409, 552
758, 894
646, 529
115, 81
355, 973
381, 0
927, 625
755, 511
899, 48
855, 284
759, 783
776, 155
140, 355
26, 107
963, 959
701, 927
340, 963
724, 871
693, 429
234, 732
437, 316
755, 98
922, 619
860, 949
9, 557
464, 319
988, 312
847, 590
607, 175
939, 254
516, 961
403, 939
724, 759
901, 709
813, 912
932, 670
486, 593
385, 845
831, 293
220, 948
422, 435
66, 547
352, 256
633, 638
853, 248
953, 645
844, 685
264, 657
792, 874
578, 997
197, 733
234, 207
380, 834
128, 347
286, 612
85, 138
830, 978
656, 954
719, 754
923, 292
628, 139
41, 791
57, 159
575, 533
187, 901
6, 644
304, 433
553, 611
134, 389
143, 381
724, 443
827, 472
622, 673
396, 20
476, 369
231, 422
779, 336
162, 840
52, 392
594, 476
593, 432
376, 27
417, 674
85, 857
574, 847
389, 574
673, 532
912, 827
157, 968
787, 7
545, 417
224, 77
282, 494
374, 667
142, 861
562, 891
532, 657
350, 482
465, 369
859, 124
747, 81
354, 108
596, 768
769, 115
607, 332
663, 632
179, 953
241, 875
394, 507
877, 260
459, 469
261, 291
325, 665
380, 553
375, 722
225, 838
319, 189
669, 935
320, 611
725, 234
879, 943
640, 704
388, 49
439, 433
708, 191
576, 180
439, 260
157, 7
272, 8
829, 349
164, 509
688, 974
792, 882
339, 345
530, 330
816, 804
159, 853
286, 219
426, 271
50, 484
682, 184
438, 253
605, 497
522, 467
952, 430
216, 157
56, 884
708, 25
995, 824
570, 540
445, 321
409, 240
78, 787
504, 472
908, 204
540, 943
593, 276
165, 129
69, 653
931, 161
458, 539
613, 274
818, 305
120, 667
700, 429
26, 5
685, 492
636, 85
180, 716
934, 80
225, 525
936, 642
348, 205
387, 311
435, 571
859, 917
234, 131
728, 441
336, 132
942, 942
379, 552
641, 408
32, 734
640, 24
154, 778
287, 350
148, 122
539, 803
757, 1000
120, 956
579, 187
182, 969
96, 256
448, 414
562, 879
528, 335
677, 389
462, 572
193, 738
153, 66
3, 219
523, 100
369, 140
147, 159
925, 693
163, 571
627, 0
236, 20
581, 10
457, 784
347, 497
469, 801
717, 421
819, 291
138, 393
15, 571
512, 738
561, 513
844, 537
958, 903
856, 965
114, 507
925, 572
830, 806
831, 118
323, 176
696, 738
619, 691
755, 580
94, 379
670, 113
513, 982
636, 379
182, 620
376, 886
310, 274
932, 851
488, 892
672, 372
289, 26
518, 47
285, 744
485, 435
971, 540
99, 863
939, 866
960, 918
125, 842
849, 178
527, 667
542, 46
970, 576
664, 182
106, 338
611, 703
124, 1000
289, 222
159, 154
610, 265
612, 453
732, 541
770, 774
297, 222
528, 382
798, 227
891, 870
608, 757
224, 25
592, 977
449, 487
338, 290
736, 820
996, 840
680, 429
916, 569
354, 805
593, 451
432, 484
821, 701
789, 681
487, 304
737, 17
419, 37
724, 538
846, 425
750, 595
996, 289
670, 54
478, 220
20, 464
447, 860
493, 540
246, 448
459, 743
282, 497
887, 193
600, 777
892, 930
180, 347
667, 332
907, 618
894, 841
609, 728
635, 709
755, 653
658, 960
524, 371
782, 821
347, 870
758, 458
999, 142
350, 661
797, 406
683, 109
836, 439
332, 623
695, 419
902, 42
844, 478
163, 496
221, 62
182, 206
202, 560
375, 214
581, 935
617, 15
427, 893
116, 148
838, 775
337, 132
937, 508
528, 628
557, 135
801, 40
538, 437
420, 335
728, 823
485, 75
331, 231
896, 693
370, 578
313, 994
117, 986
254, 130
173, 159
95, 714
389, 711
342, 41
866, 541
953, 232
377, 159
174, 943
994, 136
54, 747
881, 265
969, 815
762, 370
258, 575
874, 386
273, 194
875, 637
192, 797
608, 905
332, 383
545, 881
349, 18
831, 767
786, 364
182, 117
712, 396
397, 926
715, 624
875, 491
12, 349
907, 281
853, 395
572, 383
571, 548
55, 813
234, 526
958, 226
632, 122
80, 124
62, 660
637, 194
321, 53
397, 87
434, 340
96, 583
712, 973
473, 348
34, 809
718, 652
414, 655
520, 785
280, 427
143, 717
104, 802
916, 655
402, 542
29, 974
101, 578
210, 574
991, 17
221, 928
603, 599
967, 233
476, 732
7, 375
467, 27
21, 268
896, 164
831, 789
110, 585
136, 942
910, 688
260, 585
560, 818
410, 895
305, 315
670, 152
355, 281
301, 812
123, 68
321, 621
312, 97
680, 171
466, 586
63, 681
943, 634
616, 245
957, 456
145, 452
846, 953
559, 157
207, 222
134, 4
531, 258
368, 779
141, 835
145, 901
198, 686
347, 541
826, 606
19, 551
469, 758
109, 503
116, 453
799, 467
987, 146
21, 713
28, 69
643, 94
807, 574
60, 145
573, 168
842, 415
247, 614
322, 249
13, 225
655, 222
824, 60
174, 229
514, 740
190, 794
257, 255
460, 759
347, 752
442, 647
612, 777
790, 826
174, 492
393, 745
621, 115
210, 232
206, 274
640, 144
267, 731
700, 504
28, 7
747, 967
796, 965
668, 397
480, 766
890, 362
60, 204
960, 687
627, 671
193, 856
269, 435
194, 17
857, 474
178, 170
387, 768
302, 47
413, 613
821, 537
436, 208
171, 629
921, 822
741, 346
744, 71
156, 826
942, 52
895, 191
464, 939
55, 259
856, 86
579, 36
678, 431
707, 353
571, 668
564, 205
694, 459
103, 167
603, 169
714, 171
814, 453
630, 904
991, 785
763, 123
518, 309
411, 357
574, 703
638, 255
157, 969
452, 236
581, 41
827, 525
754, 933
476, 566
939, 438
125, 364
312, 569
801, 693
403, 413
642, 25
356, 243
799, 518
275, 14
743, 210
40, 849
243, 230
597, 450
93, 40
426, 446
408, 775
775, 797
61, 382
909, 679
25, 694
402, 879
435, 311
49, 353
950, 773
217, 775
435, 413
486, 292
421, 65
285, 666
697, 357
166, 934
258, 627
689, 857
500, 365
26, 75
924, 805
267, 288
381, 1000
571, 422
879, 506
713, 969
749, 981
820, 445
68, 807
915, 715
668, 938
795, 758
263, 253
541, 100
763, 476
527, 22
822, 936
852, 597
150, 283
920, 933
671, 163
614, 680
172, 285
127, 666
21, 755
116, 407
804, 381
851, 64
456, 118
939, 547
430, 548
692, 444
219, 363
478, 518
216, 36
891, 50
816, 138
302, 979
186, 832
259, 268
638, 367
27, 967
491, 511
166, 284
997, 493
905, 519
66, 813
769, 404
316, 311
348, 515
419, 402
398, 358
616, 149
272, 702
955, 410
116, 925
773, 245
166, 119
806, 533
417, 730
143, 426
521, 978
100, 908
292, 184
556, 269
824, 443
863, 636
598, 998
238, 284
367, 136
203, 973
615, 247
712, 10
869, 356
162, 897
722, 141
561, 75
994, 399
769, 546
833, 380
125, 541
542, 775
679, 356
913, 522
616, 557
250, 47
339, 507
699, 842
794, 494
563, 968
515, 292
76, 349
859, 739
605, 609
45, 340
188, 281
168, 862
0, 869
650, 308
590, 302
427, 993
339, 64
930, 931
573, 986
824, 383
580, 253
613, 464
282, 422
25, 888
855, 43
500, 178
722, 877
660, 325
699, 567
666, 224
482, 205
256, 319
991, 928
307, 768
612, 963
333, 172
621, 353
947, 27
589, 469
672, 189
523, 772
659, 628
649, 167
600, 867
359, 683
981, 381
234, 675
198, 933
999, 943
770, 189
870, 657
47, 679
144, 638
495, 897
857, 985
891, 207
813, 36
309, 807
165, 121
971, 532
767, 496
107, 675
198, 64
184, 32
131, 907
126, 175
197, 543
37, 7
534, 946
228, 468
908, 676
222, 5
743, 569
312, 626
422, 302
203, 887
530, 448
595, 430
673, 520
715, 35
754, 450
901, 524
875, 669
7, 880
303, 869
531, 138
561, 136
46, 972
71, 512
666, 619
63, 120
867, 554
749, 89
369, 853
407, 317
122, 487
787, 608
981, 924
745, 124
841, 576
208, 774
721, 891
632, 617
478, 450
675, 497
535, 766
131, 650
477, 405
965, 475
620, 828
126, 971
470, 873
232, 871
101, 321
696, 285
632, 282
162, 728
947, 625
422, 379
876, 844
531, 550
242, 257
610, 115
755, 487
164, 855
941, 274
284, 378
897, 514
456, 994
952, 291
848, 922
556, 559
631, 939
630, 67
984, 17
340, 587
844, 10
799, 396
37, 600
748, 364
82, 352
275, 642
843, 317
221, 881
467, 108
558, 262
391, 834
881, 925
131, 647
17, 875
554, 725
542, 154
91, 947
551, 933
511, 439
640, 42
397, 731
662, 620
980, 19
330, 914
153, 894
416, 234
41, 374
223, 702
921, 859
108, 684
730, 419
214, 23
859, 521
957, 622
154, 283
29, 458
645, 843
832, 789
893, 792
3, 4
182, 524
409, 941
882, 622
247, 630
139, 474
558, 814
541, 93
857, 882
30, 633
780, 182
570, 4
406, 838
558, 584
3, 725
553, 910
457, 886
290, 356
295, 386
984, 121
490, 429
225, 697
805, 666
777, 684
610, 93
989, 799
79, 430
425, 167
174, 96
949, 67
733, 752
362, 515
208, 898
393, 280
670, 868
863, 424
769, 127
882, 441
47, 863
365, 90
504, 917
464, 409
364, 173
723, 828
823, 220
758, 465
704, 906
353, 527
557, 892
381, 540
393, 836
732, 681
732, 538
15, 513
925, 347
796, 364
864, 98
73, 982
34, 698
210, 302
723, 267
104, 348
409, 117
589, 607
334, 643
383, 913
149, 74
50, 802
442, 584
604, 183
33, 390
740, 262
708, 1000
715, 260
63, 637
337, 89
286, 1000
281, 726
1, 334
74, 264
171, 857
471, 378
654, 193
775, 998
78, 117
121, 230
615, 350
482, 334
609, 974
533, 23
235, 1
986, 555
385, 589
481, 160
350, 325
588, 820
788, 364
361, 729
81, 754
460, 882
533, 737
98, 787
946, 914
725, 968
964, 300
507, 609
508, 378
551, 72
212, 657
922, 820
310, 163
239, 665
410, 322
680, 200
86, 862
517, 398
965, 17
319, 930
347, 308
744, 877
38, 283
193, 976
733, 782
856, 991
161, 859
91, 98
223, 435
872, 90
928, 932
94, 472
392, 260
358, 730
447, 783
675, 212
631, 895
625, 244
617, 367
405, 196
152, 102
252, 212
281, 488
603, 547
414, 187
707, 640
325, 422
754, 474
941, 282
147, 210
870, 567
47, 450
665, 863
505, 640
272, 284
495, 643
637, 498
36, 316
680, 722
638, 145
388, 138
762, 432
732, 141
392, 197
302, 683
977, 32
954, 376
436, 939
869, 999
161, 795
480, 542
678, 878
328, 791
971, 283
184, 538
432, 416
944, 629
981, 174
130, 403
661, 691
30, 703
85, 553
941, 914
238, 222
636, 750
201, 471
966, 28
579, 777
587, 749
287, 270
453, 925
499, 976
113, 353
77, 787
365, 694
677, 1
545, 29
667, 70
443, 977
935, 194
965, 77
451, 988
649, 976
218, 0
401, 998
348, 69
640, 5
944, 825
87, 883
410, 904
363, 410
239, 350
726, 249
646, 692
235, 279
572, 324
469, 176
456, 775
182, 545
543, 906
883, 136
895, 590
726, 830
948, 367
866, 164
138, 21
803, 998
866, 660
813, 163
352, 691
181, 194
841, 860
520, 513
758, 440
897, 985
665, 483
921, 839
44, 563
513, 210
127, 651
997, 732
639, 41
788, 546
580, 60
6, 363
551, 181
546, 262
632, 437
393, 9
939, 567
833, 779
192, 512
730, 534
652, 520
541, 735
751, 687
493, 703
799, 479
628, 690
370, 767
716, 842
412, 559
837, 49
791, 423
464, 731
398, 349
996, 925
457, 77
529, 282
213, 369
622, 992
154, 465
291, 357
265, 986
333, 83
955, 877
292, 66
186, 299
985, 313
532, 749
547, 20
622, 11
20, 727
556, 481
569, 162
663, 827
321, 842
414, 436
499, 64
239, 529
483, 374
922, 412
988, 785
405, 431
278, 96
549, 741
942, 769
626, 182
531, 525
785, 339
902, 766
741, 157
622, 389
114, 378
541, 400
189, 421
448, 405
271, 219
539, 621
60, 651
178, 652
356, 910
702, 887
507, 74
817, 535
527, 362
923, 746
60, 669
34, 872
77, 914
383, 407
507, 457
422, 165
930, 722
800, 246
268, 710
275, 379
73, 920
960, 363
420, 654
603, 975
67, 277
827, 651
871, 590
332, 252
173, 906
757, 689
82, 832
619, 681
878, 171
986, 55
426, 574
667, 190
789, 49
69, 877
322, 648
101, 780
507, 796
262, 431
340, 495
462, 606
667, 885
983, 503
408, 639
152, 930
184, 181
873, 519
957, 864
902, 952
605, 591
270, 101
856, 777
770, 857
152, 132
929, 452
110, 500
682, 849
333, 202
223, 875
227, 49
791, 460
992, 668
835, 187
443, 625
479, 501
78, 597
545, 235
845, 221
331, 6
130, 906
22, 233
540, 334
864, 649
393, 139
898, 824
18, 31
394, 895
968, 697
267, 62
173, 99
159, 169
849, 308
973, 723
629, 688
962, 845
176, 758
662, 709
278, 892
633, 316
211, 474
365, 630
439, 744
314, 487
176, 141
324, 322
541, 681
857, 431
678, 836
71, 604
444, 903
683, 102
705, 262
586, 369
16, 452
271, 47
192, 281
658, 37
302, 516
463, 328
389, 298
702, 238
57, 827
430, 561
66, 934
240, 381
637, 439
844, 609
742, 865
729, 630
43, 711
64, 638
919, 189
710, 380
367, 935
274, 848
796, 26
210, 466
354, 311
209, 108
461, 29
425, 114
683, 562
995, 791
308, 135
478, 596
967, 303
950, 26
392, 557
834, 964
503, 888
512, 41
170, 279
922, 850
196, 772
191, 309
627, 266
877, 559
808, 675
932, 769
320, 854
745, 438
69, 985
856, 664
144, 140
12, 367
887, 156
362, 376
655, 993
105, 738
531, 772
692, 513
504, 163
771, 140
913, 885
396, 266
572, 322
440, 87
374, 102
584, 838
991, 830
67, 816
465, 291
572, 41
89, 619
140, 805
858, 591
538, 893
661, 688
167, 818
6, 796
908, 753
384, 945
858, 728
103, 137
273, 116
121, 497
754, 88
974, 342
259, 894
152, 670
23, 227
615, 275
928, 712
675, 644
846, 404
122, 741
939, 306
564, 734
755, 240
728, 810
245, 150
905, 757
560, 30
83, 459
512, 950
116, 876
21, 509
205, 542
59, 499
830, 884
342, 946
366, 730
35, 607
670, 767
576, 681
359, 629
626, 847
280, 968
903, 707
384, 935
318, 797
503, 729
867, 550
674, 687
18, 28
527, 393
58, 887
300, 851
176, 237
94, 821
822, 200
882, 540
623, 470
464, 41
95, 372
33, 546
231, 676
196, 2
240, 897
25, 227
886, 371
756, 5
81, 365
724, 986
144, 903
499, 591
925, 8
356, 286
481, 145
578, 587
959, 905
428, 930
987, 294
390, 641
663, 37
65, 754
355, 599
98, 322
51, 469
539, 287
208, 77
76, 331
263, 680
138, 5
961, 586
651, 233
332, 113
450, 394
595, 416
377, 197
783, 2
977, 752
132, 726
683, 68
736, 294
450, 735
401, 512
181, 287
383, 256
573, 169
888, 368
666, 380
810, 171
973, 495
839, 38
256, 975
149, 255
10, 382
702, 247
834, 127
613, 99
891, 835
912, 879
427, 42
304, 60
631, 862
879, 512
276, 415
112, 955
567, 534
530, 84
716, 507
383, 495
573, 957
152, 235
398, 182
124, 895
177, 180
909, 243
96, 315
602, 233
866, 524
148, 131
857, 974
842, 911
680, 714
750, 148
569, 261
743, 546
117, 503
236, 280
763, 519
727, 626
176, 77
133, 74
835, 769
509, 946
290, 156
168, 974
960, 62
942, 936
239, 902
470, 962
163, 76
917, 641
0, 915
378, 945
898, 44
748, 43
562, 341
183, 205
359, 161
920, 61
983, 851
223, 737
927, 981
153, 648
669, 260
799, 438
525, 799
877, 790
115, 721
897, 107
718, 107
855, 257
232, 930
582, 498
287, 202
83, 512
112, 807
130, 467
802, 714
991, 683
855, 386
445, 202
924, 85
43, 965
109, 158
193, 57
101, 952
722, 281
624, 831
788, 235
318, 867
167, 819
419, 19
407, 263
155, 2
935, 192
455, 436
84, 87
27, 847
760, 873
385, 78
536, 860
183, 902
358, 813
218, 872
204, 356
107, 466
247, 836
897, 421
209, 162
802, 649
610, 324
155, 256
485, 838
33, 711
883, 696
318, 27
961, 651
831, 463
229, 626
95, 458
691, 846
929, 75
19, 349
537, 13
395, 865
263, 475
818, 4
9, 112
710, 364
7, 500
420, 465
607, 954
341, 704
974, 474
20, 686
417, 304
158, 862
463, 6
83, 91
773, 259
379, 660
664, 202
691, 803
16, 405
914, 821
948, 947
617, 945
373, 148
47, 888
83, 280
751, 552
602, 494
672, 529
190, 310
389, 348
163, 502
44, 989
523, 691
32, 798
794, 530
810, 777
653, 235
999, 742
507, 179
694, 422
694, 763
752, 20
59, 877
590, 784
232, 977
399, 779
668, 666
869, 879
759, 528
306, 598
919, 803
888, 142
78, 951
926, 58
210, 534
131, 720
609, 60
618, 247
281, 652
491, 636
802, 964
305, 804
313, 894
299, 133
342, 866
350, 809
969, 705
273, 893
325, 281
283, 984
133, 733
780, 433
605, 858
320, 262
587, 23
157, 429
851, 972
880, 334
637, 14
208, 360
724, 661
655, 765
550, 655
47, 400
867, 442
430, 914
27, 72
407, 664
460, 449
846, 815
252, 368
826, 549
1, 893
127, 486
669, 828
264, 575
264, 509
19, 848
501, 146
589, 608
347, 73
763, 378
159, 420
766, 672
374, 24
203, 849
330, 215
157, 675
327, 257
166, 223
49, 492
294, 692
183, 73
488, 927
406, 238
465, 273
593, 856
712, 465
803, 736
281, 670
413, 809
617, 489
827, 293
782, 398
500, 446
820, 453
788, 998
231, 945
451, 290
759, 67
604, 635
50, 101
252, 592
782, 947
283, 13
362, 394
841, 133
56, 681
8, 135
643, 149
893, 680
106, 45
181, 717
864, 47
989, 858
128, 494
128, 730
826, 789
904, 589
423, 961
209, 411
148, 341
836, 356
757, 580
522, 776
35, 584
355, 521
313, 523
796, 917
812, 765
743, 495
416, 593
832, 758
78, 949
504, 99
816, 446
78, 451
750, 516
850, 170
384, 270
80, 256
378, 276
384, 452
175, 65
700, 309
370, 565
617, 440
587, 322
248, 41
742, 222
372, 200
962, 5
64, 202
594, 130
303, 856
716, 476
258, 85
316, 511
160, 940
689, 660
615, 886
258, 678
222, 507
5, 560
675, 249
423, 921
860, 83
718, 750
148, 919
833, 2
857, 504
28, 49
18, 47
908, 542
967, 517
910, 452
842, 346
705, 563
801, 604
712, 583
556, 950
645, 233
673, 611
963, 494
414, 601
722, 438
470, 240
367, 643
664, 331
892, 353
271, 559
427, 870
448, 846
742, 793
803, 127
999, 643
827, 317
294, 566
525, 416
546, 654
119, 406
518, 777
530, 702
824, 40
150, 931
360, 169
912, 262
339, 618
736, 235
961, 192
540, 333
163, 494
131, 322
17, 761
143, 156
959, 971
846, 872
839, 704
791, 698
114, 386
111, 168
681, 374
95, 742
994, 733
194, 652
174, 391
850, 3
105, 391
56, 416
872, 153
642, 313
174, 797
911, 654
287, 506
975, 81
275, 853
704, 208
733, 387
689, 590
977, 432
673, 825
304, 270
43, 672
900, 208
327, 589
662, 651
84, 966
382, 576
426, 663
258, 132
587, 185
596, 953
523, 57
662, 606
370, 287
301, 983
228, 121
544, 48
194, 902
982, 572
888, 291
322, 110
422, 848
592, 662
803, 198
423, 293
481, 761
757, 21
974, 794
490, 130
490, 431
539, 603
869, 82
67, 577
335, 796
638, 412
443, 38
523, 322
527, 675
978, 509
681, 639
532, 258
790, 589
397, 692
573, 275
606, 656
896, 33
679, 172
739, 199
146, 545
538, 231
53, 486
376, 413
316, 522
305, 883
916, 466
424, 587
866, 474
687, 22
935, 353
434, 899
644, 3
201, 112
990, 528
171, 127
661, 947
208, 929
516, 449
159, 216
77, 989
490, 955
413, 323
978, 923
895, 102
152, 562
994, 184
359, 590
400, 884
706, 0
128, 197
325, 884
448, 679
658, 646
923, 44
880, 557
153, 165
156, 114
726, 9
13, 73
747, 746
775, 915
488, 36
851, 877
369, 146
636, 587
462, 659
450, 439
146, 509
824, 233
182, 751
170, 354
78, 185
345, 699
166, 747
133, 709
339, 329
594, 158
832, 343
966, 235
287, 75
833, 534
859, 835
954, 366
709, 264
162, 587
551, 655
234, 71
908, 444
729, 770
133, 117
948, 192
342, 733
828, 497
928, 449
952, 421
248, 966
806, 64
229, 749
368, 397
120, 211
969, 12
186, 990
654, 1
737, 956
791, 805
867, 252
620, 477
72, 649
148, 386
228, 67
490, 474
988, 397
947, 37
352, 216
803, 100
945, 773
532, 711
221, 963
40, 430
50, 159
792, 290
735, 938
574, 758
580, 389
458, 114
813, 945
77, 842
988, 260
26, 612
107, 444
667, 843
32, 52
922, 606
970, 323
132, 620
981, 647
721, 806
704, 705
57, 826
412, 578
107, 346
755, 656
60, 857
359, 993
625, 977
549, 859
297, 285
573, 175
484, 223
216, 370
350, 375
23, 386
973, 331
104, 872
648, 607
646, 424
788, 301
287, 849
401, 874
769, 843
199, 194
63, 142
676, 189
992, 738
185, 828
326, 69
983, 280
7, 262
765, 502
687, 120
518, 526
229, 564
763, 947
6, 484
898, 281
958, 920
841, 456
508, 893
526, 719
484, 67
558, 804
936, 550
958, 12
150, 631
111, 716
76, 820
517, 200
746, 105
865, 766
770, 52
472, 642
935, 168
31, 994
639, 833
354, 164
772, 194
407, 748
512, 94
975, 575
650, 703
715, 653
486, 684
555, 958
327, 35
244, 682
704, 350
770, 305
896, 714
736, 288
899, 5
371, 549
151, 48
517, 775
695, 643
269, 389
566, 981
292, 860
874, 141
838, 932
55, 719
345, 27
352, 693
591, 115
261, 301
214, 926
560, 691
396, 199
567, 918
806, 364
861, 48
272, 488
624, 5
409, 71
875, 704
487, 616
414, 536
297, 26
461, 202
548, 933
425, 20
282, 322
991, 70
154, 717
845, 730
298, 755
113, 492
276, 550
524, 740
432, 240
556, 742
824, 228
55, 186
617, 816
414, 469
223, 17
628, 337
908, 34
975, 836
51, 949
557, 927
775, 271
321, 355
568, 191
518, 400
868, 728
257, 540
145, 823
120, 41
511, 398
562, 560
200, 933
199, 369
603, 396
956, 730
17, 435
697, 406
25, 202
585, 314
95, 331
37, 630
47, 504
746, 737
626, 717
439, 393
590, 860
261, 8
292, 723
637, 957
464, 890
752, 243
595, 786
797, 562
845, 343
659, 721
29, 454
400, 284
243, 912
943, 347
362, 293
534, 890
164, 920
724, 151
70, 232
68, 242
771, 673
893, 275
365, 601
90, 379
712, 378
461, 854
559, 150
680, 986
854, 560
498, 284
678, 320
852, 192
597, 921
548, 933
33, 914
120, 555
589, 889
415, 314
395, 240
522, 289
15, 993
507, 652
369, 811
993, 206
3, 921
185, 187
201, 932
570, 101
998, 177
9, 723
9, 959
594, 948
567, 418
72, 326
673, 943
373, 755
416, 997
967, 97
227, 571
302, 263
217, 86
854, 14
741, 48
275, 10
552, 787
464, 114
465, 523
534, 587
72, 818
291, 777
879, 572
702, 739
165, 243
736, 736
644, 961
314, 715
829, 990
599, 397
978, 573
976, 132
493, 919
583, 502
928, 637
158, 878
187, 695
236, 977
924, 102
636, 962
735, 265
477, 425
163, 525
369, 383
69, 900
263, 104
192, 732
300, 316
395, 423
932, 955
676, 674
0, 441
633, 250
653, 683
776, 698
559, 485
234, 13
951, 527
868, 827
580, 931
311, 328
815, 22
72, 826
161, 687
315, 797
448, 132
768, 879
694, 634
870, 564
689, 98
540, 750
452, 370
23, 512
201, 292
488, 193
919, 211
957, 751
379, 444
695, 630
52, 391
573, 670
328, 569
468, 442
719, 75
911, 233
92, 367
875, 916
827, 421
958, 2
721, 357
162, 275
567, 656
808, 333
617, 272
764, 975
787, 598
572, 440
412, 920
449, 257
671, 973
474, 568
0, 9
269, 582
647, 747
944, 819
476, 683
883, 690
652, 384
242, 67
302, 43
572, 917
415, 382
726, 22
841, 798
451, 870
573, 145
412, 354
778, 761
578, 696
209, 870
763, 477
802, 607
102, 609
524, 247
694, 187
744, 71
897, 339
83, 789
513, 4
769, 682
252, 774
531, 256
899, 779
568, 0
638, 36
544, 356
960, 458
505, 537
271, 411
615, 157
862, 768
489, 220
823, 214
626, 65
796, 280
870, 732
2, 599
883, 343
671, 288
480, 3
310, 196
636, 489
505, 844
941, 540
13, 992
168, 370
519, 578
605, 580
672, 355
965, 89
412, 513
326, 907
169, 603
111, 308
967, 324
131, 679
68, 925
340, 124
946, 731
740, 309
776, 582
605, 121
970, 195
579, 976
567, 213
354, 415
928, 404
660, 525
63, 985
501, 884
70, 426
412, 311
757, 11
286, 575
759, 34
790, 15
794, 354
912, 936
995, 273
769, 773
786, 703
448, 492
776, 335
223, 4
871, 422
510, 838
211, 260
607, 215
491, 646
381, 590
579, 50
270, 334
742, 808
247, 459
514, 48
746, 787
27, 477
877, 509
676, 341
886, 825
734, 212
747, 684
321, 219
505, 710
568, 837
33, 646
994, 251
676, 642
897, 937
10, 744
695, 149
779, 826
473, 176
948, 180
656, 899
168, 543
467, 977
742, 150
212, 840
248, 236
130, 390
133, 157
547, 950
696, 167
830, 349
762, 127
551, 803
536, 626
413, 662
433, 571
749, 335
403, 818
50, 274
261, 624
619, 570
629, 368
866, 246
948, 103
269, 276
415, 551
571, 41
445, 904
233, 730
182, 376
851, 16
397, 988
779, 429
309, 968
583, 716
359, 282
425, 900
968, 288
582, 184
520, 478
389, 682
290, 983
606, 925
368, 705
372, 914
271, 220
880, 441
923, 88
746, 967
150, 856
292, 882
330, 808
708, 962
905, 559
690, 905
685, 324
191, 788
992, 909
186, 163
245, 343
306, 325
576, 359
55, 678
538, 619
583, 813
504, 646
12, 900
431, 439
923, 378
603, 737
427, 668
650, 477
596, 902
645, 817
121, 133
945, 12
823, 912
34, 847
860, 680
750, 502
184, 595
658, 565
328, 857
106, 112
491, 584
901, 467
434, 281
159, 639
440, 948
53, 101
899, 517
778, 901
547, 632
191, 343
974, 411
961, 702
31, 740
403, 319
706, 269
805, 474
758, 394
591, 616
728, 438
583, 326
816, 79
439, 526
486, 794
536, 40
309, 30
33, 257
761, 862
373, 549
165, 694
987, 359
54, 328
780, 312
178, 194
870, 551
654, 608
350, 993
233, 906
813, 69
849, 901
733, 958
549, 969
399, 167
618, 652
511, 385
281, 144
953, 979
103, 794
539, 399
469, 150
57, 427
589, 895
209, 20
593, 213
266, 456
269, 294
365, 681
217, 680
325, 24
317, 3
11, 471
131, 774
977, 961
427, 543
448, 486
142, 575
676, 968
463, 621
999, 428
269, 458
913, 60
489, 175
561, 12
632, 87
455, 261
51, 892
905, 387
695, 321
729, 751
545, 655
84, 142
425, 84
414, 175
265, 764
180, 426
43, 600
473, 566
203, 689
342, 9
805, 635
838, 469
428, 920
992, 66
518, 455
412, 775
315, 322
146, 328
643, 902
860, 852
680, 552
302, 587
988, 222
147, 86
833, 28
689, 866
946, 695
164, 14
623, 443
581, 902
867, 848
289, 374
933, 838
57, 825
432, 12
925, 801
891, 234
904, 518
212, 494
501, 81
425, 162
656, 82
418, 101
410, 488
454, 503
314, 711
254, 85
126, 374
656, 833
455, 391
988, 445
432, 503
222, 466
366, 683
680, 785
245, 762
454, 414
632, 809
104, 889
964, 695
777, 415
19, 216
28, 499
940, 758
691, 111
728, 759
775, 932
109, 427
299, 829
49, 386
149, 149
598, 841
367, 230
453, 616
772, 437
10, 852
108, 691
881, 752
675, 819
58, 110
461, 510
994, 403
282, 756
682, 781
863, 871
570, 26
213, 347
299, 909
719, 757
826, 736
349, 282
639, 726
942, 676
546, 202
544, 909
666, 651
443, 479
923, 583
946, 515
895, 915
564, 911
191, 424
95, 511
127, 692
317, 227
279, 138
566, 677
586, 915
738, 104
791, 259
862, 609
531, 173
432, 138
194, 270
852, 426
392, 891
546, 557
385, 881
242, 721
360, 307
111, 747
705, 817
899, 256
137, 427
917, 857
893, 280
380, 616
607, 359
590, 887
505, 373
206, 831
208, 458
543, 360
653, 604
464, 697
46, 174
716, 938
319, 542
536, 675
480, 683
538, 893
13, 182
118, 601
100, 630
7, 452
322, 134
57, 5
997, 727
190, 804
795, 623
342, 411
303, 40
391, 645
701, 410
16, 551
347, 422
788, 37
664, 239
885, 543
857, 754
576, 371
546, 674
905, 911
9, 523
812, 333
170, 906
434, 290
839, 624
213, 535
16, 602
551, 360
290, 253
817, 902
919, 784
664, 765
164, 230
928, 395
933, 436
95, 930
595, 272
322, 125
171, 757
729, 771
713, 958
252, 433
901, 377
921, 373
164, 459
357, 183
253, 490
386, 130
589, 717
804, 426
627, 974
388, 877
644, 742
843, 614
39, 139
578, 713
644, 557
599, 932
84, 381
282, 780
857, 262
733, 614
26, 466
225, 265
728, 828
719, 976
152, 724
723, 416
338, 43
50, 979
205, 791
492, 379
922, 492
137, 587
447, 680
447, 895
349, 819
649, 817
489, 453
447, 463
960, 805
412, 654
285, 411
481, 553
914, 857
725, 537
379, 799
76, 219
499, 946
75, 629
905, 599
651, 472
867, 518
454, 958
907, 252
460, 106
946, 975
308, 171
861, 660
433, 541
765, 341
868, 809
779, 227
306, 561
285, 855
631, 888
107, 307
751, 413
707, 592
186, 800
112, 412
998, 674
306, 686
924, 58
294, 745
855, 473
225, 574
952, 362
348, 79
173, 559
326, 730
606, 364
331, 745
548, 0
730, 743
962, 913
227, 350
501, 665
498, 346
98, 987
428, 633
938, 368
150, 644
999, 623
660, 784
571, 98
904, 686
64, 876
873, 544
692, 987
895, 285
408, 655
926, 366
692, 676
329, 80
201, 730
917, 61
410, 68
138, 49
704, 152
875, 24
457, 687
634, 190
538, 536
92, 272
634, 515
116, 836
31, 572
420, 757
797, 672
649, 866
149, 635
774, 414
752, 586
376, 390
922, 640
929, 166
712, 151
256, 559
308, 635
852, 329
244, 60
234, 686
240, 451
486, 740
964, 198
704, 338
134, 936
669, 12
76, 391
626, 531
799, 192
593, 74
905, 722
502, 832
289, 833
950, 430
742, 677
879, 654
522, 385
296, 303
753, 360
610, 882
711, 280
285, 463
780, 836
1000, 108
468, 790
387, 630
627, 441
432, 246
681, 87
655, 604
790, 10
561, 279
185, 4
885, 286
853, 178
796, 308
144, 549
670, 21
898, 319
915, 445
147, 401
535, 916
985, 348
409, 655
214, 438
391, 934
533, 486
630, 518
611, 956
779, 48
301, 236
416, 699
244, 81
928, 966
588, 101
966, 706
513, 585
218, 453
155, 293
707, 977
911, 116
453, 719
235, 91
82, 7
63, 10
870, 756
392, 212
268, 891
538, 481
653, 556
338, 173
359, 572
339, 773
444, 907
202, 964
850, 786
636, 978
734, 881
886, 688
431, 679
268, 244
584, 36
261, 305
245, 408
661, 120
554, 600
233, 375
361, 542
480, 802
446, 367
784, 347
237, 456
2, 653
715, 507
911, 310
102, 919
535, 587
500, 250
744, 828
709, 227
673, 548
924, 92
803, 152
712, 213
62, 556
23, 19
814, 244
363, 28
251, 413
716, 850
994, 530
574, 148
987, 437
452, 329
933, 749
378, 841
892, 341
982, 33
956, 1
236, 142
456, 931
670, 243
449, 396
626, 970
662, 319
624, 148
818, 645
209, 263
55, 229
353, 304
273, 861
86, 227
669, 211
402, 349
781, 763
756, 345
331, 854
209, 132
777, 828
819, 921
224, 548
527, 887
655, 846
799, 346
978, 12
361, 176
559, 410
855, 753
451, 663
396, 40
957, 75
962, 498
467, 555
862, 329
187, 863
388, 462
421, 571
570, 152
177, 760
850, 68
931, 758
821, 103
293, 56
384, 660
788, 917
555, 674
966, 118
267, 674
483, 133
874, 303
97, 315
197, 703
930, 436
415, 166
228, 171
685, 529
412, 137
630, 326
758, 608
360, 641
36, 341
175, 895
18, 923
454, 942
527, 99
799, 793
895, 944
340, 716
501, 511
492, 502
11, 339
463, 459
170, 706
474, 220
611, 536
128, 304
870, 278
713, 250
363, 680
570, 408
398, 544
374, 304
57, 166
930, 580
570, 3
55, 727
426, 416
444, 561
71, 210
146, 231
994, 281
747, 171
614, 30
643, 348
754, 134
553, 93
609, 215
336, 589
889, 866
975, 512
131, 372
859, 413
879, 197
417, 472
828, 142
357, 589
109, 790
442, 407
450, 308
459, 806
894, 843
205, 523
549, 449
876, 791
620, 399
250, 117
118, 106
142, 22
532, 215
13, 121
34, 827
725, 586
706, 239
256, 737
327, 989
201, 31
162, 635
88, 856
395, 135
722, 401
501, 337
523, 887
412, 656
635, 826
364, 89
923, 978
934, 795
519, 683
669, 382
421, 693
917, 674
580, 583
852, 647
176, 955
173, 441
792, 571
979, 182
495, 860
237, 862
915, 770
652, 516
38, 841
474, 784
743, 137
389, 321
657, 139
721, 60
766, 881
346, 1000
94, 307
259, 146
454, 687
993, 387
0, 118
754, 624
81, 765
26, 952
748, 249
158, 94
998, 989
73, 110
1000, 618
680, 560
787, 138
934, 327
623, 941
949, 114
132, 150
492, 45
368, 831
730, 292
7, 361
764, 322
225, 920
657, 29
157, 67
31, 774
817, 641
970, 664
433, 959
781, 952
572, 172
337, 707
343, 534
791, 767
279, 427
920, 93
364, 838
508, 533
764, 109
153, 430
177, 130
562, 674
236, 805
750, 419
631, 428
977, 504
751, 566
488, 313
71, 945
187, 247
440, 274
72, 927
541, 929
714, 940
827, 199
193, 486
562, 888
163, 488
519, 174
558, 744
895, 127
85, 720
424, 121
512, 647
199, 294
120, 85
298, 574
254, 373
481, 772
724, 768
225, 39
370, 755
200, 246
953, 108
687, 594
199, 467
5, 412
1000, 68
49, 76
740, 148
90, 653
703, 392
975, 264
854, 546
663, 763
237, 885
852, 836
45, 622
839, 416
810, 601
610, 153
133, 34
763, 878
88, 504
33, 927
74, 712
707, 537
915, 479
223, 53
43, 161
51, 442
78, 971
793, 203
59, 315
279, 765
399, 967
399, 150
44, 796
641, 170
373, 883
674, 112
106, 196
248, 645
91, 560
209, 161
75, 744
133, 845
79, 608
773, 892
560, 661
863, 123
17, 954
492, 946
361, 962
969, 23
46, 922
777, 329
343, 290
318, 511
382, 326
298, 489
843, 87
55, 894
402, 352
743, 473
116, 344
43, 437
650, 502
677, 479
541, 643
298, 694
451, 223
256, 904
157, 326
246, 542
318, 568
515, 812
142, 571
508, 811
343, 565
541, 52
882, 310
392, 736
981, 834
530, 638
502, 69
751, 478
267, 794
883, 674
979, 483
964, 435
831, 60
213, 819
231, 441
603, 83
571, 607
138, 82
660, 584
179, 432
890, 77
500, 514
628, 322
198, 890
28, 388
881, 271
388, 308
893, 136
440, 296
368, 910
70, 4
19, 528
19, 269
607, 144
908, 147
834, 99
779, 178
542, 69
957, 810
455, 58
685, 650
888, 98
606, 59
460, 579
265, 675
925, 936
954, 805
882, 58
819, 876
197, 973
63, 752
448, 224
188, 527
449, 738
654, 332
149, 967
647, 869
544, 252
408, 238
29, 453
98, 782
943, 273
181, 335
470, 3
21, 258
73, 93
953, 792
221, 877
362, 632
119, 618
851, 902
516, 75
56, 679
274, 701
815, 18
41, 766
52, 799
487, 887
485, 664
729, 611
659, 175
70, 43
348, 611
571, 703
371, 526
909, 783
560, 507
612, 110
591, 571
140, 175
152, 157
16, 475
401, 843
493, 555
583, 787
579, 425
542, 245
636, 760
710, 261
710, 527
957, 658
261, 192
183, 754
905, 657
583, 266
759, 918
869, 868
304, 699
581, 769
992, 166
365, 320
119, 708
188, 88
676, 92
988, 967
964, 268
952, 693
177, 491
64, 336
289, 827
636, 538
735, 596
376, 223
703, 326
834, 675
168, 146
809, 425
4, 341
192, 35
280, 885
951, 343
935, 119
799, 773
494, 257
487, 991
419, 806
184, 714
926, 395
838, 279
680, 939
976, 963
935, 640
950, 610
397, 434
983, 227
807, 343
868, 876
953, 494
529, 344
995, 853
387, 287
27, 7
465, 414
763, 146
668, 556
196, 269
949, 599
290, 726
839, 864
0, 357
826, 248
190, 850
837, 159
682, 581
683, 196
140, 807
512, 922
987, 743
17, 132
799, 339
555, 979
937, 182
990, 538
939, 23
406, 167
686, 314
668, 470
213, 512
648, 261
345, 346
154, 734
118, 353
928, 232
88, 745
333, 647
527, 401
931, 998
264, 159
574, 421
271, 166
358, 418
943, 225
525, 664
791, 93
22, 389
46, 221
573, 1
390, 87
895, 80
63, 932
588, 485
685, 664
730, 995
63, 479
551, 937
466, 193
179, 807
70, 682
488, 319
939, 0
358, 333
821, 945
136, 44
710, 185
369, 551
930, 649
930, 511
305, 516
448, 795
817, 854
114, 383
552, 743
221, 171
157, 604
696, 191
463, 845
299, 548
187, 508
583, 97
460, 491
458, 97
154, 54
763, 416
211, 113
310, 111
422, 294
39, 573
837, 784
337, 422
372, 122
504, 28
543, 908
584, 510
935, 779
777, 565
686, 288
574, 988
357, 599
270, 418
0, 783
690, 700
845, 724
572, 661
7, 60
598, 436
128, 898
188, 9
995, 490
409, 293
141, 574
569, 814
856, 253
532, 712
210, 894
528, 637
584, 164
480, 14
213, 816
435, 440
505, 277
242, 383
848, 867
378, 979
857, 421
972, 372
290, 649
998, 955
479, 89
622, 503
710, 401
279, 733
582, 588
153, 100
728, 840
660, 902
343, 630
287, 687
381, 848
185, 14
691, 993
466, 868
198, 762
869, 756
29, 217
118, 870
390, 291
905, 496
612, 332
164, 437
805, 886
562, 136
999, 210
778, 868
563, 81
303, 60
646, 749
659, 680
484, 358
239, 992
831, 937
167, 62
270, 286
233, 598
681, 86
580, 254
712, 799
439, 658
563, 35
129, 836
318, 798
992, 941
667, 852
471, 916
391, 616
925, 826
39, 641
688, 29
354, 276
389, 96
32, 49
241, 644
175, 176
612, 949
192, 318
873, 204
556, 591
570, 170
459, 581
884, 483
369, 927
542, 647
544, 272
791, 386
336, 312
628, 327
274, 177
266, 859
65, 342
9, 255
845, 583
680, 716
552, 744
983, 117
476, 752
87, 169
155, 782
590, 369
981, 686
233, 834
604, 890
684, 801
906, 157
424, 849
553, 694
414, 563
507, 492
85, 226
776, 387
831, 345
144, 45
309, 799
673, 424
490, 657
950, 386
232, 229
973, 28
160, 283
21, 906
190, 301
472, 775
914, 583
881, 372
359, 50
556, 476
258, 875
994, 423
770, 150
102, 303
820, 478
816, 206
890, 652
881, 759
104, 406
401, 656
4, 579
477, 661
917, 542
320, 707
574, 409
0, 910
915, 55
793, 702
233, 391
72, 250
29, 595
48, 3
556, 87
68, 988
68, 7
402, 930
370, 590
264, 95
942, 636
784, 286
146, 293
871, 343
380, 235
946, 135
36, 27
901, 809
938, 336
305, 571
284, 424
365, 739
198, 881
156, 958
482, 817
172, 95
741, 522
337, 340
866, 787
261, 213
460, 520
320, 384
727, 735
328, 731
58, 728
370, 184
180, 422
502, 462
927, 479
921, 310
775, 984
760, 449
407, 67
401, 842
444, 463
798, 772
614, 435
588, 36
515, 25
236, 254
955, 487
211, 184
473, 605
86, 797
610, 483
209, 289
763, 85
837, 300
384, 715
531, 240
71, 596
7, 274
23, 811
978, 482
838, 458
823, 316
1000, 909
840, 360
782, 699
541, 826
716, 607
657, 287
785, 137
394, 992
708, 677
49, 446
524, 527
376, 593
85, 102
714, 12
83, 814
952, 43
494, 221
541, 215
749, 520
272, 288
265, 225
180, 929
820, 159
983, 499
375, 836
917, 22
129, 349
329, 317
122, 353
573, 634
264, 133
947, 574
854, 398
657, 297
247, 993
693, 247
954, 520
865, 468
957, 972
511, 520
0, 641
925, 934
540, 685
48, 902
584, 214
438, 838
715, 790
182, 970
856, 79
521, 24
711, 550
644, 968
20, 721
566, 157
209, 932
414, 751
671, 675
620, 696
850, 575
371, 398
440, 683
967, 129
55, 141
146, 68
129, 380
193, 472
597, 738
624, 679
903, 554
228, 179
696, 132
168, 638
5, 755
326, 726
42, 831
769, 736
781, 460
752, 936
261, 584
934, 995
706, 329
638, 929
856, 678
34, 129
802, 542
844, 254
699, 19
46, 34
56, 887
257, 51
788, 136
532, 79
141, 762
817, 146
338, 158
588, 606
38, 314
329, 889
239, 3
213, 631
982, 785
597, 623
446, 345
914, 686
771, 753
229, 917
270, 701
95, 632
621, 940
364, 386
404, 763
20, 66
755, 407
46, 597
728, 204
896, 911
675, 733
256, 221
637, 488
177, 777
954, 128
324, 611
100, 188
429, 264
762, 663
137, 245
891, 365
229, 693
803, 933
684, 175
434, 460
336, 965
195, 459
11, 157
832, 512
63, 565
628, 175
221, 257
547, 623
565, 676
591, 451
29, 255
137, 210
756, 593
423, 978
121, 180
991, 467
583, 795
828, 644
642, 502
752, 669
15, 669
169, 270
27, 110
193, 792
617, 657
38, 181
968, 282
529, 222
681, 895
492, 58
388, 672
428, 379
970, 774
899, 326
58, 922
643, 227
842, 106
816, 564
937, 801
788, 303
384, 774
475, 870
107, 897
590, 245
19, 606
228, 302
96, 814
791, 868
305, 14
681, 724
539, 752
381, 992
427, 75
736, 268
700, 805
39, 831
868, 990
193, 958
433, 843
861, 601
568, 61
850, 191
944, 332
35, 843
73, 721
245, 628
628, 833
637, 955
266, 913
695, 251
784, 564
688, 911
136, 134
905, 732
632, 323
444, 211
282, 725
381, 295
156, 573
800, 770
962, 878
21, 652
944, 395
591, 616
677, 806
95, 956
621, 836
509, 810
612, 290
331, 842
123, 776
953, 586
228, 776
541, 17
105, 122
868, 925
677, 576
262, 373
875, 659
501, 337
295, 937
267, 39
744, 516
817, 393
12, 112
883, 590
606, 570
703, 259
496, 352
839, 67
660, 173
353, 412
664, 148
543, 148
248, 621
420, 351
71, 29
53, 825
456, 991
655, 859
486, 818
122, 240
646, 361
824, 272
913, 434
986, 818
293, 106
389, 516
0, 569
896, 577
852, 934
636, 132
510, 931
28, 213
236, 973
368, 877
579, 536
907, 498
957, 932
556, 437
287, 216
709, 806
731, 509
395, 824
565, 695
483, 705
773, 393
737, 510
533, 573
98, 871
987, 930
903, 692
347, 523
283, 151
43, 486
276, 106
409, 502
500, 584
218, 872
492, 829
430, 306
837, 552
992, 13
643, 362
640, 779
414, 198
870, 261
500, 257
655, 807
407, 60
324, 574
323, 865
789, 56
974, 735
241, 411
248, 797
104, 978
708, 706
419, 289
707, 948
473, 646
475, 234
132, 500
920, 18
736, 376
929, 898
226, 452
995, 792
134, 836
456, 665
635, 478
675, 379
993, 44
118, 535
375, 688
434, 624
552, 574
979, 370
793, 555
862, 387
384, 933
882, 550
200, 62
578, 516
294, 377
170, 696
595, 323
319, 400
65, 754
613, 137
925, 256
739, 430
378, 815
651, 162
633, 837
924, 428
852, 937
469, 861
93, 956
616, 412
798, 191
293, 992
984, 39
641, 587
325, 574
807, 561
50, 856
277, 574
491, 601
487, 902
718, 187
87, 670
150, 741
899, 376
903, 627
29, 878
665, 529
795, 235
362, 835
901, 12
190, 35
135, 667
400, 743
660, 590
515, 991
32, 638
260, 33
367, 472
219, 897
424, 965
129, 352
256, 1
788, 212
351, 945
398, 934
806, 993
61, 433
587, 853
956, 781
680, 65
550, 915
552, 280
71, 989
997, 84
657, 639
826, 970
804, 603
478, 497
803, 894
19, 345
918, 552
336, 653
357, 947
623, 962
298, 457
690, 161
811, 5
565, 780
629, 990
646, 876
132, 403
875, 855
573, 980
319, 900
353, 917
661, 69
75, 5
561, 622
630, 36
236, 693
778, 381
992, 986
748, 582
223, 358
242, 945
185, 362
346, 165
544, 998
557, 739
765, 434
976, 183
635, 873
760, 576
803, 919
155, 849
417, 637
83, 33
985, 115
457, 140
249, 342
903, 44
340, 606
828, 346
653, 206
473, 158
32, 563
882, 302
393, 427
855, 270
659, 263
743, 537
302, 378
930, 810
561, 366
86, 212
879, 159
545, 213
982, 590
29, 161
424, 89
0, 71
667, 651
251, 418
39, 519
669, 685
890, 823
547, 88
860, 527
786, 622
852, 815
8, 428
946, 89
225, 626
979, 415
48, 150
151, 606
683, 796
995, 879
848, 654
322, 72
321, 386
278, 285
546, 369
920, 287
774, 673
915, 160
545, 627
983, 985
39, 110
905, 621
887, 746
658, 317
258, 265
227, 800
361, 498
419, 203
784, 986
165, 854
614, 863
997, 978
497, 535
134, 441
50, 428
85, 507
781, 368
77, 939
976, 657
93, 464
148, 795
744, 955
379, 102
752, 780
85, 116
863, 837
866, 681
320, 152
398, 546
659, 85
31, 922
719, 970
714, 574
720, 633
575, 915
301, 390
294, 201
52, 698
728, 827
828, 490
110, 96
162, 735
958, 225
22, 684
83, 563
485, 120
519, 255
668, 52
781, 34
579, 967
580, 430
133, 692
122, 56
286, 404
421, 952
169, 622
478, 418
271, 770
808, 887
145, 45
893, 925
998, 38
965, 164
28, 677
639, 62
338, 171
114, 730
705, 60
838, 312
748, 923
290, 734
939, 190
136, 779
377, 691
138, 795
834, 803
309, 23
864, 942
737, 224
732, 535
839, 683
775, 703
635, 992
685, 708
598, 929
126, 620
2, 566
599, 984
214, 589
251, 757
596, 660
110, 793
214, 211
794, 370
321, 342
302, 638
430, 957
347, 432
652, 26
323, 920
954, 835
935, 344
849, 143
880, 799
761, 627
84, 653
53, 546
642, 930
254, 854
568, 293
729, 219
412, 584
259, 231
863, 934
917, 468
170, 487
747, 511
314, 474
460, 910
139, 760
674, 672
466, 638
354, 447
414, 883
768, 549
349, 125
870, 794
149, 571
866, 732
348, 736
747, 713
568, 15
316, 784
694, 147
85, 228
363, 740
61, 287
450, 560
589, 304
362, 965
491, 430
518, 471
359, 483
892, 394
899, 480
535, 832
335, 773
331, 471
84, 920
993, 781
310, 767
971, 12
79, 947
214, 939
8, 617
193, 309
863, 38
223, 970
436, 693
580, 292
808, 397
755, 249
496, 170
732, 46
213, 769
598, 429
980, 327
722, 53
272, 818
145, 715
560, 585
37, 428
725, 332
405, 453
305, 386
448, 77
167, 166
17, 217
677, 895
261, 229
144, 964
513, 644
142, 383
946, 897
360, 894
702, 187
203, 332
871, 582
491, 350
992, 821
299, 987
519, 455
534, 294
922, 671
547, 83
969, 538
60, 106
719, 6
610, 126
56, 710
777, 981
443, 680
422, 639
508, 549
385, 775
345, 991
663, 800
134, 609
17, 337
96, 717
750, 548
467, 256
75, 730
706, 798
377, 950
956, 295
483, 214
310, 927
215, 736
25, 100
83, 614
315, 514
652, 923
486, 931
122, 470
649, 95
494, 827
288, 690
674, 199
433, 121
356, 443
225, 423
673, 404
914, 861
743, 336
166, 219
398, 449
544, 186
246, 175
284, 760
676, 792
40, 880
966, 56
685, 273
246, 74
700, 76
785, 94
962, 628
458, 560
795, 584
362, 699
21, 954
51, 656
718, 568
556, 850
474, 899
268, 345
830, 59
939, 757
620, 894
181, 911
810, 817
982, 428
235, 494
853, 960
652, 945
64, 751
456, 459
292, 937
124, 638
583, 64
276, 980
1000, 175
708, 767
704, 126
643, 89
803, 108
177, 567
772, 755
920, 9
241, 312
603, 893
658, 48
727, 868
681, 730
463, 368
995, 206
25, 940
620, 989
443, 116
854, 483
636, 505
941, 618
59, 71
173, 22
967, 594
271, 908
120, 827
176, 237
946, 582
834, 982
744, 195
157, 896
523, 968
474, 855
229, 858
703, 132
648, 508
806, 380
851, 205
809, 545
159, 48
535, 74
410, 874
896, 911
472, 358
665, 38
242, 75
631, 87
187, 548
816, 261
638, 600
530, 251
503, 987
5, 450
686, 206
458, 928
671, 472
268, 754
92, 254
11, 384
615, 596
651, 483
643, 150
404, 369
429, 482
669, 377
257, 433
828, 690
913, 263
655, 976
236, 195
224, 187
238, 683
747, 419
936, 643
604, 687
545, 150
750, 175
881, 43
341, 219
59, 154
783, 432
422, 423
230, 365
184, 371
5, 634
68, 475
567, 535
95, 849
14, 980
29, 980
834, 917
801, 865
114, 786
468, 358
614, 970
474, 907
662, 495
891, 238
926, 870
925, 556
395, 201
188, 889
872, 939
868, 255
254, 975
848, 655
119, 264
139, 971
549, 363
794, 970
489, 763
381, 503
19, 213
2, 746
744, 162
625, 778
6, 184
626, 264
533, 15
879, 297
51, 868
570, 902
377, 321
171, 898
712, 815
950, 413
812, 262
792, 267
136, 788
790, 926
341, 200
765, 805
995, 708
656, 646
461, 77
90, 484
184, 916
532, 588
66, 316
420, 642
607, 888
167, 431
574, 577
67, 526
634, 886
881, 644
955, 654
46, 291
954, 826
778, 772
353, 602
462, 297
136, 721
818, 713
871, 196
828, 708
592, 513
39, 37
82, 492
604, 724
252, 211
181, 199
864, 368
650, 66
159, 214
745, 152
589, 251
261, 846
345, 708
19, 221
240, 594
513, 666
893, 258
522, 823
122, 907
617, 395
747, 271
518, 145
174, 489
6, 444
321, 499
884, 237
335, 118
823, 902
7, 273
54, 148
294, 539
799, 15
418, 830
78, 120
464, 737
123, 978
189, 457
781, 45
163, 19
311, 995
505, 964
727, 786
759, 461
251, 309
153, 359
584, 698
568, 169
136, 82
784, 667
939, 495
883, 846
249, 541
14, 287
565, 664
608, 502
485, 745
503, 679
666, 635
264, 429
153, 266
693, 828
873, 540
968, 667
168, 710
408, 921
496, 605
428, 978
845, 122
146, 354
812, 48
76, 79
741, 451
87, 672
590, 881
513, 127
560, 136
71, 651
438, 437
269, 272
376, 958
216, 377
94, 889
971, 687
662, 937
168, 917
320, 225
86, 204
236, 431
241, 981
1000, 34
887, 962
470, 333
647, 794
217, 513
324, 54
257, 160
80, 219
110, 161
380, 757
341, 548
722, 152
333, 355
750, 780
685, 224
48, 702
95, 460
432, 807
711, 325
957, 183
527, 255
636, 932
46, 712
391, 878
263, 600
721, 606
964, 617
29, 557
672, 593
256, 378
791, 618
182, 257
896, 98
966, 179
535, 71
627, 676
206, 944
540, 608
790, 137
620, 331
677, 468
743, 560
522, 723
436, 992
989, 115
824, 471
722, 166
614, 719
208, 618
181, 717
125, 442
512, 18
392, 16
431, 971
629, 47
620, 151
572, 45
533, 232
722, 732
140, 117
642, 598
120, 157
270, 764
830, 822
818, 833
257, 122
212, 301
344, 379
776, 275
114, 28